shot_id,shot_made_flag
1,0.3511744737625122
8,0.376029908657074
17,0.6632149517536163
20,0.7209638059139252
33,0.37783825397491455
34,0.39977556467056274
35,0.39127659797668457
36,0.375673770904541
37,0.7772461026906967
38,0.3335071802139282
45,0.3481549620628357
50,0.2893601655960083
55,0.3375769257545471
60,0.29122817516326904
66,0.2906256318092346
67,0.28294551372528076
71,0.42392241954803467
80,0.2418205738067627
85,0.26742690801620483
86,0.6007809340953827
95,0.6321980357170105
104,0.3701236844062805
113,0.3285384774208069
123,0.2851661443710327
126,0.8132664263248444
133,0.6639187633991241
141,0.26972901821136475
144,0.4677391052246094
150,0.7263903617858887
152,0.39430248737335205
153,0.7018638551235199
156,0.284635066986084
159,0.9513755328953266
165,0.7362978756427765
172,0.38690638542175293
182,0.8994488418102264
192,0.3896487355232239
193,0.6754410266876221
196,0.2971383333206177
202,0.33754509687423706
210,0.2907755970954895
211,0.36698901653289795
228,0.9722101055085659
257,0.41178107261657715
260,0.37678253650665283
264,0.43119364976882935
267,0.615159273147583
279,0.9532289952039719
282,0.3966407775878906
293,0.3204646110534668
299,0.8276118040084839
300,0.5972787737846375
301,0.6891030669212341
317,0.3395947813987732
327,0.4340193271636963
328,0.24168771505355835
335,0.31591838598251343
346,0.859999030828476
348,0.3112504482269287
365,0.5868977606296539
390,0.49488240480422974
391,0.7146285474300385
392,0.7318564355373383
397,0.3529288172721863
418,0.28013479709625244
428,0.13256186246871948
434,0.5879130363464355
439,0.44429266452789307
440,0.36361926794052124
456,0.36629003286361694
459,0.2971327304840088
472,0.40697193145751953
480,0.25629401206970215
491,0.32362961769104004
497,0.4094201326370239
509,0.3815823197364807
511,0.4281696677207947
523,0.18629372119903564
533,0.4171599745750427
544,0.3465980887413025
546,0.3839799761772156
555,0.6911513805389404
558,0.5779079794883728
560,0.31512945890426636
573,0.3067700266838074
591,0.3892216682434082
596,0.3040638566017151
597,0.3609914183616638
601,0.6508050560951233
605,0.43513208627700806
617,0.35631340742111206
628,0.2909289598464966
634,0.35113823413848877
646,0.26883578300476074
649,0.41322457790374756
651,0.7275723814964294
654,0.8614588528871536
656,0.36587560176849365
657,0.4013892412185669
669,0.37251412868499756
670,0.9456301480531693
693,0.6595760583877563
694,0.2917073965072632
699,0.42466551065444946
711,0.38259851932525635
718,0.3496655821800232
722,0.3605407476425171
723,0.36368751525878906
725,0.675526350736618
734,0.329115092754364
735,0.38365375995635986
737,0.7172738015651703
746,0.3300524950027466
747,0.6398227512836456
766,0.3626306653022766
767,0.3069825768470764
771,0.35611820220947266
773,0.2299257516860962
774,0.4091060757637024
783,0.2738332748413086
784,0.36827921867370605
789,0.29276835918426514
792,0.41340261697769165
804,0.3359684944152832
809,0.32113325595855713
812,0.33056801557540894
813,0.3863103985786438
817,0.36419832706451416
820,0.3254104256629944
825,0.3148837685585022
826,0.3466426134109497
829,0.40432071685791016
855,0.43616771697998047
859,0.7161004841327667
862,0.4130299687385559
870,0.4020785093307495
876,0.3423200249671936
880,0.32553356885910034
886,0.984316349029541
889,0.8634957820177078
891,0.40137195587158203
897,0.9793253913521767
902,0.3161909580230713
903,0.39521390199661255
908,0.33115077018737793
909,0.3361815810203552
920,0.33255255222320557
922,0.4244561791419983
924,0.6336654126644135
932,0.37286049127578735
934,0.32811683416366577
937,0.3453417420387268
941,0.271500825881958
943,0.3497825860977173
950,0.41412031650543213
952,0.29470139741897583
954,0.9420597441494465
963,0.3555248975753784
975,0.35434216260910034
979,0.385778546333313
981,0.3923090696334839
983,0.10987645387649536
985,0.681638240814209
989,0.5627845525741577
995,0.4124113917350769
998,0.3560371994972229
1008,0.27194374799728394
1019,0.6693079769611359
1023,0.42168372869491577
1026,0.3525126576423645
1029,0.6353405117988586
1034,0.8423126637935638
1036,0.6310960948467255
1038,0.310493528842926
1039,0.613815039396286
1051,0.4086703658103943
1052,0.310934841632843
1066,0.3181397318840027
1087,0.26856952905654907
1092,0.20519113540649414
1094,0.8423829972743988
1098,0.37239497900009155
1099,0.3260785937309265
1102,0.32067716121673584
1118,0.3845764398574829
1131,0.26604896783828735
1133,0.7382830083370209
1135,0.9738422259688377
1138,0.46219557523727417
1139,0.7793896943330765
1142,0.416812002658844
1151,0.40151524543762207
1152,0.37048208713531494
1155,0.6522733271121979
1165,0.3509516716003418
1167,0.9133493453264236
1172,0.36743468046188354
1174,0.7122948467731476
1180,0.3985142707824707
1200,0.364083468914032
1202,0.3671342134475708
1227,0.6242511570453644
1228,0.6796020269393921
1229,0.3241565227508545
1237,0.4308963418006897
1241,0.3943536877632141
1256,0.2483614683151245
1279,0.4299752712249756
1293,0.1755785346031189
1295,0.32044166326522827
1319,0.7365877628326416
1320,0.3935741186141968
1321,0.7515389919281006
1322,0.660520613193512
1334,0.273617684841156
1351,0.6828225255012512
1373,0.36878883838653564
1375,0.2763415575027466
1380,0.6745531558990479
1382,0.7521052658557892
1385,0.4571704864501953
1399,0.36354541778564453
1403,0.9506537094712257
1428,0.32499927282333374
1434,0.32020294666290283
1444,0.9565616436302662
1448,0.3542861342430115
1466,0.8503957837820053
1476,0.3717551827430725
1478,0.371356725692749
1485,0.36700695753097534
1491,0.6959145963191986
1494,0.6244675517082214
1500,0.3875824213027954
1501,0.6366930902004242
1503,0.4300258755683899
1519,0.6841467022895813
1524,0.3812894821166992
1529,0.7332852482795715
1533,0.6650291085243225
1538,0.982560783624649
1539,0.374775767326355
1546,0.37920719385147095
1555,0.34380942583084106
1559,0.36222928762435913
1563,0.6902956664562225
1565,0.7976236939430237
1574,0.34125572443008423
1591,0.29931217432022095
1594,0.23611992597579956
1605,0.25165224075317383
1611,0.4054408073425293
1614,0.33897680044174194
1620,0.3768589496612549
1626,0.2976088523864746
1630,0.351107656955719
1632,0.3746061325073242
1634,0.26692360639572144
1643,0.3031699061393738
1651,0.41577595472335815
1655,0.38549572229385376
1658,0.2605903744697571
1659,0.3589698076248169
1665,0.3639065623283386
1675,0.35629892349243164
1680,0.6922720074653625
1690,0.3668443560600281
1696,0.2527552843093872
1714,0.2588537335395813
1721,0.3683520555496216
1726,0.390575110912323
1728,0.3624876141548157
1734,0.37271881103515625
1735,0.3241385221481323
1740,0.35107648372650146
1744,0.8364556431770325
1747,0.3208833336830139
1752,0.3156502842903137
1763,0.6828258633613586
1765,0.7278977632522583
1769,0.3598827123641968
1785,0.6148197650909424
1787,0.33745795488357544
1788,0.40402811765670776
1793,0.3436984419822693
1800,0.36606675386428833
1825,0.4292296767234802
1826,0.7382203936576843
1834,0.3511832356452942
1843,0.3566952347755432
1844,0.33584707975387573
1848,0.3201640248298645
1849,0.4042122960090637
1860,0.3907775282859802
1863,0.40077972412109375
1875,0.6127447485923767
1883,0.35873401165008545
1890,0.41002053022384644
1892,0.4289633631706238
1893,0.4058675169944763
1897,0.3295521140098572
1905,0.39794135093688965
1908,0.32030510902404785
1931,0.2783757448196411
1940,0.6408489346504211
1943,0.36644405126571655
1947,0.24115502834320068
1965,0.8042057305574417
1967,0.2574213743209839
1968,0.34292513132095337
1972,0.7521987110376358
1982,0.24256020784378052
1985,0.27738791704177856
2005,0.8316919505596161
2010,0.8295577466487885
2021,0.36282235383987427
2024,0.740385890007019
2036,0.37749427556991577
2043,0.5796460807323456
2047,0.5095975697040558
2049,0.38791942596435547
2055,0.3199315071105957
2065,0.4033559560775757
2066,0.265089750289917
2070,0.2978339195251465
2077,0.9352708458900452
2085,0.7123914659023285
2095,0.6499229073524475
2097,0.6728498041629791
2108,0.40077972412109375
2112,0.6866814494132996
2113,0.7026921212673187
2122,0.14540117979049683
2139,0.43140965700149536
2144,0.5958812832832336
2146,0.2735329270362854
2148,0.16437751054763794
2149,0.6928806900978088
2157,0.36171162128448486
2159,0.3727434277534485
2168,0.3693530559539795
2176,0.32366621494293213
2178,0.6577523052692413
2181,0.2261052131652832
2187,0.7022794485092163
2188,0.3249030113220215
2190,0.2879754900932312
2194,0.3733906149864197
2197,0.2840089797973633
2214,0.2965902090072632
2217,0.10769987106323242
2222,0.41452211141586304
2223,0.2926037311553955
2226,0.3024721145629883
2230,0.6603183150291443
2240,0.44135475158691406
2247,0.28389519453048706
2250,0.28118282556533813
2259,0.6128517985343933
2262,0.4088011384010315
2266,0.3752439022064209
2305,0.3012496829032898
2310,0.32652294635772705
2313,0.31477296352386475
2319,0.8402618318796158
2320,0.6821875274181366
2345,0.228632390499115
2350,0.7355079054832458
2356,0.35732173919677734
2360,0.675555020570755
2370,0.4228343963623047
2386,0.34069716930389404
2398,0.39527392387390137
2414,0.7255024909973145
2435,0.7277491390705109
2439,0.32469379901885986
2446,0.7376560568809509
2458,0.2929879426956177
2465,0.3051769733428955
2466,0.3899340033531189
2470,0.34710967540740967
2495,0.7592262923717499
2501,0.35849320888519287
2507,0.2847917675971985
2533,0.05611562728881836
2537,0.3546335697174072
2538,0.2742953896522522
2541,0.29064297676086426
2542,0.7352565228939056
2544,0.8490502387285233
2554,0.24934977293014526
2555,0.23730677366256714
2565,0.7769619524478912
2575,0.7766020745038986
2586,0.4373742341995239
2588,0.37892740964889526
2594,0.6828561723232269
2617,0.4652708172798157
2618,0.3596487045288086
2623,0.9810787718743086
2631,0.6736470460891724
2640,0.2660418748855591
2642,0.7484109997749329
2647,0.43206119537353516
2663,0.3909152150154114
2664,0.3393586277961731
2676,0.3838950991630554
2680,0.9566919952630997
2681,0.44003725051879883
2691,0.31577229499816895
2693,0.41855454444885254
2695,0.40077972412109375
2704,0.27467405796051025
2708,0.34649187326431274
2709,0.9666510559618473
2717,0.7698514312505722
2722,0.4230494499206543
2728,0.3414839506149292
2732,0.7269538342952728
2743,0.34618622064590454
2752,0.2625647187232971
2757,0.7255024909973145
2761,0.37598294019699097
2769,0.27274101972579956
2771,0.3298693895339966
2774,0.3503609895706177
2776,0.36133891344070435
2781,0.4347875714302063
2793,0.35270559787750244
2799,0.32987093925476074
2803,0.28846806287765503
2811,0.26695650815963745
2818,0.33140701055526733
2824,0.6184922456741333
2828,0.7610516101121902
2829,0.46572256088256836
2830,0.38239049911499023
2842,0.715753585100174
2847,0.6969027519226074
2848,0.3134779930114746
2868,0.36126500368118286
2870,0.2869589924812317
2885,0.19452333450317383
2886,0.39847373962402344
2889,0.6652866899967194
2903,0.3666898012161255
2904,0.7178452014923096
2918,0.8195974826812744
2919,0.3214929699897766
2922,0.3884927034378052
2923,0.33442091941833496
2931,0.30482757091522217
2945,0.3759552240371704
2955,0.3435792922973633
2957,0.6195095181465149
2960,0.6588827073574066
2963,0.330390989780426
2966,0.6836700737476349
2972,0.7304335832595825
2974,0.2629532217979431
2982,0.4428430199623108
2984,0.5540301203727722
3016,0.39863860607147217
3021,0.29950082302093506
3023,0.6200085282325745
3025,0.21474480628967285
3029,0.2473917007446289
3034,0.7327199876308441
3038,0.31986236572265625
3040,0.44555771350860596
3051,0.7143244445323944
3062,0.2846450209617615
3069,0.360908567905426
3071,0.4431041479110718
3076,0.9409333765506744
3079,0.31123143434524536
3081,0.2530704736709595
3082,0.3909250497817993
3084,0.8433452099561691
3098,0.3365609049797058
3104,0.3581162691116333
3105,0.4155251979827881
3114,0.735325425863266
3118,0.40226972103118896
3122,0.27752137184143066
3132,0.24944591522216797
3138,0.39439934492111206
3141,0.2999391555786133
3156,0.6695586144924164
3162,0.7572161853313446
3167,0.32340288162231445
3170,0.3401062488555908
3171,0.2551906704902649
3172,0.33677375316619873
3176,0.9829737432301044
3180,0.3455982804298401
3189,0.25368112325668335
3198,0.3267192840576172
3206,0.3988991975784302
3215,0.30550068616867065
3222,0.817208468914032
3228,0.3698098659515381
3229,0.31238728761672974
3232,0.2062055468559265
3233,0.21601879596710205
3238,0.3511800169944763
3256,0.49943429231643677
3264,0.5759345591068268
3273,0.3996545076370239
3275,0.6419107913970947
3285,0.5730096995830536
3289,0.2861563563346863
3294,0.33470553159713745
3306,0.40830856561660767
3311,0.7265057563781738
3318,0.3859502673149109
3322,0.6020863056182861
3324,0.3650321960449219
3334,0.5745069682598114
3341,0.371476411819458
3345,0.2772073745727539
3346,0.9508458189666271
3352,0.26275551319122314
3368,0.31378620862960815
3371,0.1756839156150818
3372,0.38423198461532593
3375,0.3971157670021057
3384,0.3173907399177551
3387,0.2761935591697693
3393,0.37424564361572266
3406,0.41551411151885986
3411,0.5551644265651703
3412,0.6630761325359344
3414,0.5261958837509155
3417,0.7037582099437714
3420,0.7969790548086166
3423,0.772322803735733
3436,0.2934224009513855
3438,0.6847250163555145
3442,0.27261805534362793
3443,0.3627496361732483
3451,0.24249863624572754
3461,0.413749635219574
3489,0.42458248138427734
3491,0.5732569396495819
3510,0.7201284766197205
3515,0.5622852146625519
3527,0.33087611198425293
3530,0.32093268632888794
3540,0.29792559146881104
3582,0.20967942476272583
3604,0.31410425901412964
3605,0.3021305799484253
3609,0.25156474113464355
3624,0.16436856985092163
3628,0.761128306388855
3630,0.31409353017807007
3641,0.30291223526000977
3642,0.28059273958206177
3648,0.30261170864105225
3650,0.9666770100593567
3652,0.9482321478426456
3660,0.3800007700920105
3664,0.262830913066864
3670,0.27775347232818604
3672,0.3106682300567627
3680,0.26335465908050537
3682,0.9382440075278282
3685,0.6482136249542236
3686,0.3486136794090271
3689,0.3493068218231201
3705,0.3932734727859497
3712,0.24493354558944702
3713,0.29682672023773193
3719,0.26480549573898315
3721,0.2714458107948303
3723,0.8382603973150253
3724,0.231331467628479
3727,0.26638686656951904
3733,0.4926430583000183
3734,0.40477800369262695
3742,0.3233516812324524
3770,0.18056946992874146
3777,0.34091824293136597
3778,0.33596479892730713
3780,0.39466387033462524
3783,0.42534101009368896
3784,0.4118371605873108
3788,0.3669857978820801
3790,0.370686411857605
3794,0.3176639676094055
3795,0.4151254892349243
3796,0.391487717628479
3801,0.5315180420875549
3806,0.38422030210494995
3813,0.4065871238708496
3814,0.40759211778640747
3818,0.2808656692504883
3824,0.39689767360687256
3836,0.49831515550613403
3853,0.4102287292480469
3855,0.3199305534362793
3858,0.3821781873703003
3861,0.7399464547634125
3866,0.3020567297935486
3870,0.37514883279800415
3874,0.9196397960186005
3876,0.2624066472053528
3878,0.27367347478866577
3890,0.37172532081604004
3900,0.934961587190628
3904,0.3444672226905823
3906,0.3721618056297302
3907,0.5355606973171234
3908,0.33050763607025146
3912,0.3838818073272705
3918,0.9571228586137295
3923,0.9697169158607721
3924,0.3924989700317383
3925,0.4059315323829651
3927,0.6268736124038696
3955,0.9676376953721046
3964,0.28453528881073
3969,0.25783419609069824
3974,0.6732450127601624
3976,0.2781475782394409
3984,0.2511477470397949
3991,0.39351892471313477
3993,0.9843953801319003
4009,0.2641397714614868
4011,0.39386188983917236
4020,0.41782552003860474
4033,0.34132617712020874
4041,0.42690062522888184
4045,0.820624366402626
4052,0.4805065393447876
4055,0.37985455989837646
4056,0.38379615545272827
4057,0.363014817237854
4067,0.9801714923232794
4069,0.38810867071151733
4077,0.3810756206512451
4094,0.35715579986572266
4095,0.3414549231529236
4100,0.447689950466156
4119,0.3568785786628723
4130,0.6566024422645569
4131,0.38298821449279785
4132,0.5923106372356415
4134,0.6335109174251556
4137,0.9540568329393864
4138,0.3680177927017212
4143,0.2929086685180664
4145,0.4061461091041565
4148,0.33321309089660645
4163,0.13490509986877441
4166,0.4355020523071289
4169,0.7591483145952225
4170,0.4182666540145874
4174,0.2711350917816162
4180,0.34382933378219604
4199,0.9751536902040243
4201,0.36582499742507935
4203,0.3781083822250366
4210,0.01523733139038086
4211,0.36007362604141235
4213,0.9504878222942352
4225,0.4001765251159668
4235,0.3146507740020752
4242,0.34702181816101074
4245,0.3376312255859375
4250,0.4064449667930603
4252,0.38931190967559814
4254,0.22534799575805664
4263,0.23725318908691406
4264,0.23725318908691406
4268,0.3267267346382141
4270,0.3840867877006531
4282,0.7250326573848724
4283,0.41347217559814453
4291,0.3752419948577881
4304,0.38664186000823975
4306,0.31447833776474
4309,0.3620290160179138
4310,0.3147186040878296
4313,0.25153666734695435
4314,0.34355592727661133
4315,0.30797696113586426
4321,0.369820773601532
4324,0.351209819316864
4325,0.3376573324203491
4328,0.3171045780181885
4329,0.25238025188446045
4332,0.3678990602493286
4337,0.3378441333770752
4342,0.4006667137145996
4344,0.3887755870819092
4352,0.3641691207885742
4355,0.33165448904037476
4366,0.292492151260376
4371,0.3453313112258911
4372,0.37544023990631104
4376,0.30922043323516846
4384,0.3121563196182251
4387,0.2908790707588196
4389,0.3845287561416626
4390,0.35237812995910645
4406,0.31001436710357666
4407,0.7329962849617004
4409,0.9844437520951033
4410,0.7530388683080673
4424,0.38209080696105957
4434,0.28844374418258667
4452,0.42840689420700073
4460,0.35423731803894043
4470,0.7050892412662506
4480,0.3422032594680786
4496,0.9660507030785084
4503,0.2024793028831482
4512,0.36602383852005005
4518,0.6493187546730042
4519,0.3815962076187134
4522,0.314868688583374
4525,0.34850239753723145
4537,0.58779376745224
4546,0.26470428705215454
4547,0.9480204693973064
4553,0.37326157093048096
4556,0.28013378381729126
4558,0.6853936612606049
4563,0.17589539289474487
4568,0.30520105361938477
4574,0.854684978723526
4578,0.20413416624069214
4587,0.36517512798309326
4592,0.5963247120380402
4610,0.3531303405761719
4615,0.48375964164733887
4619,0.33569467067718506
4620,0.610020101070404
4625,0.6840613186359406
4635,0.4060748815536499
4636,0.3565330505371094
4641,0.3720167279243469
4650,0.30478399991989136
4653,0.7718006521463394
4665,0.29990696907043457
4668,0.947148934006691
4669,0.2735007405281067
4670,0.30216288566589355
4674,0.3112330436706543
4675,0.39377468824386597
4676,0.3613305687904358
4679,0.2674978971481323
4680,0.9288266897201538
4686,0.34754979610443115
4699,0.4254581332206726
4713,0.6653401553630829
4718,0.3814798593521118
4721,0.37885570526123047
4722,0.3351293206214905
4724,0.3223240375518799
4730,0.965935405343771
4731,0.3426949977874756
4735,0.3486202359199524
4743,0.33512139320373535
4745,0.2568003535270691
4746,0.7092844843864441
4747,0.3345412611961365
4748,0.3221762776374817
4769,0.46637529134750366
4771,0.37374961376190186
4774,0.24195170402526855
4784,0.19126802682876587
4797,0.39902812242507935
4801,0.5985007882118225
4804,0.2028856873512268
4820,0.29520541429519653
4833,0.4373254179954529
4834,0.439328134059906
4851,0.315196692943573
4859,0.31224989891052246
4860,0.920787051320076
4863,0.39793872833251953
4873,0.32420599460601807
4881,0.2434757947921753
4892,0.35069042444229126
4908,0.32895463705062866
4911,0.31339889764785767
4915,0.23228901624679565
4922,0.34121811389923096
4929,0.3190276026725769
4936,0.29747867584228516
4939,0.41765284538269043
4951,0.319341242313385
4956,0.291221022605896
4961,0.352489173412323
4964,0.31248199939727783
4981,0.3556833863258362
4991,0.9671622440218925
4992,0.34828537702560425
4997,0.3673538565635681
5004,0.25731831789016724
5010,0.2531999349594116
5012,0.32067108154296875
5015,0.12650924921035767
5020,0.3750211000442505
5030,0.28619706630706787
5051,0.9833161495625973
5052,0.38360899686813354
5057,0.6927908957004547
5058,0.6577104330062866
5060,0.3842998147010803
5061,0.33393698930740356
5064,0.5224976241588593
5078,0.3691050410270691
5080,0.4521297216415405
5088,0.4096866846084595
5089,0.6700202226638794
5090,0.3728710412979126
5103,0.9557423107326031
5108,0.4067264199256897
5114,0.32353001832962036
5115,0.36416441202163696
5124,0.7206340730190277
5137,0.4000442624092102
5139,0.30843740701675415
5144,0.26380455493927
5149,0.7474769353866577
5157,0.32097989320755005
5163,0.25395190715789795
5174,0.36321473121643066
5176,0.3989226222038269
5179,0.3099134564399719
5186,0.41953444480895996
5203,0.7114628851413727
5204,0.736190676689148
5206,0.2845333218574524
5207,0.6191613376140594
5220,0.392005980014801
5221,0.7269538342952728
5224,0.37905269861221313
5227,0.24998438358306885
5229,0.25471699237823486
5232,0.7692858874797821
5240,0.687209963798523
5242,0.6080482304096222
5243,0.29751521348953247
5245,0.6764216721057892
5248,0.3906644582748413
5249,0.24988090991973877
5254,0.41292130947113037
5269,0.379403293132782
5272,0.40926438570022583
5276,0.390389621257782
5286,0.7570113986730576
5290,0.2861190438270569
5308,0.2938988208770752
5316,0.4065819978713989
5318,0.3703572750091553
5319,0.36691415309906006
5320,0.46566736698150635
5322,0.30515867471694946
5324,0.2831718325614929
5331,0.733207106590271
5336,0.9558158107101917
5344,0.33529990911483765
5354,0.32879072427749634
5356,0.027678310871124268
5358,0.40099382400512695
5361,0.3825031518936157
5365,0.6701548099517822
5370,0.5726360082626343
5376,0.34485960006713867
5383,0.38719940185546875
5384,0.3380759358406067
5385,0.3599115014076233
5393,0.7655079513788223
5397,0.3289564251899719
5398,0.3363748788833618
5402,0.3703708052635193
5407,0.7407229840755463
5409,0.33096736669540405
5425,0.37107378244400024
5428,0.6626375019550323
5430,0.4266171455383301
5442,0.368557870388031
5447,0.3856813311576843
5470,0.3548937439918518
5485,0.3750835061073303
5493,0.28626543283462524
5502,0.6193345189094543
5504,0.40095341205596924
5517,0.2162075638771057
5522,0.3627241253852844
5527,0.7562744915485382
5528,0.27553486824035645
5536,0.5700358152389526
5545,0.3197837471961975
5576,0.3447844386100769
5577,0.29639923572540283
5592,0.26843881607055664
5594,0.2947095036506653
5595,0.33825552463531494
5596,0.31574559211730957
5599,0.426469624042511
5606,0.3907775282859802
5617,0.3452807068824768
5625,0.7887145280838013
5626,0.28428691625595093
5627,0.6577843129634857
5642,0.6593477129936218
5659,0.9877267992123961
5664,0.8146671056747437
5666,0.8610759377479553
5671,0.29907792806625366
5674,0.37448954582214355
5677,0.5282762944698334
5681,0.3409944772720337
5683,0.012718498706817627
5700,0.38692402839660645
5713,0.3949125409126282
5715,0.38771647214889526
5718,0.37494081258773804
5726,0.5961237251758575
5738,0.3868122696876526
5741,0.8059040755033493
5743,0.822618156671524
5753,0.3813522458076477
5761,0.37935924530029297
5789,0.5514227151870728
5797,0.3850434422492981
5803,0.31916534900665283
5810,0.39776158332824707
5813,0.3582119345664978
5817,0.3203991651535034
5818,0.3825787901878357
5822,0.2529357671737671
5829,0.4230564832687378
5846,0.37352919578552246
5847,0.24530571699142456
5854,0.2511898875236511
5858,0.356939435005188
5863,0.2728250026702881
5869,0.2840423583984375
5870,0.32893896102905273
5876,0.09466731548309326
5881,0.2615376114845276
5901,0.2974313497543335
5922,0.5165959000587463
5928,0.741697758436203
5933,0.3439413905143738
5934,0.7943542450666428
5946,0.4026150703430176
5951,0.2844587564468384
5955,0.3221908211708069
5956,0.9271985366940498
5965,0.3269082307815552
5972,0.3612852096557617
5981,0.26650065183639526
5997,0.3720937967300415
6005,0.3123226761817932
6009,0.24745017290115356
6010,0.352455735206604
6015,0.3732902407646179
6039,0.2533634901046753
6047,0.6592320203781128
6051,0.013254702091217041
6056,0.3556646704673767
6061,0.47837668657302856
6064,0.28646087646484375
6065,0.42090070247650146
6070,0.3073655962944031
6085,0.7269538342952728
6086,0.212152361869812
6091,0.7983920276165009
6097,0.28014540672302246
6099,0.37804079055786133
6104,0.7178452014923096
6108,0.3949125409126282
6109,0.3966652750968933
6124,0.5814647674560547
6142,0.7413045763969421
6144,0.4311748743057251
6150,0.3925936222076416
6154,0.392863929271698
6155,0.3408524990081787
6156,0.9804384130984545
6158,0.3759724497795105
6159,0.9811257291585207
6169,0.6696849167346954
6170,0.020363807678222656
6179,0.35611599683761597
6184,0.6079075336456299
6186,0.7666250914335251
6204,0.06825846433639526
6230,0.37503910064697266
6231,0.36119627952575684
6232,0.9287427291274071
6235,0.3842458128929138
6237,0.6644031703472137
6239,0.35209566354751587
6263,0.3881765604019165
6265,0.33678245544433594
6270,0.2640262842178345
6271,0.3126651644706726
6278,0.3565109968185425
6279,0.6783223152160645
6288,0.366203248500824
6294,0.3509323000907898
6295,0.2944696545600891
6302,0.7105848789215088
6306,0.3585023880004883
6322,0.7187255620956421
6324,0.41758108139038086
6327,0.28280556201934814
6331,0.3949125409126282
6334,0.3814167380332947
6338,0.7239877283573151
6339,0.7105067074298859
6362,0.3316851854324341
6372,0.3907775282859802
6375,0.7287719249725342
6393,0.23987144231796265
6394,0.3510426878929138
6405,0.9738300032913685
6406,0.5612287521362305
6416,0.6479626297950745
6421,0.37804079055786133
6422,0.25769931077957153
6440,0.9779976904392242
6457,0.7467563450336456
6460,0.6099175214767456
6463,0.38730037212371826
6474,0.73146852850914
6476,0.39804184436798096
6477,0.3477604389190674
6482,0.7557708770036697
6488,0.32283180952072144
6489,0.3184078335762024
6494,0.3852260112762451
6499,0.7461565434932709
6507,0.28969621658325195
6524,0.36808472871780396
6527,0.36557167768478394
6531,0.28208231925964355
6536,0.3703572750091553
6538,0.06699031591415405
6542,0.6930962204933167
6565,0.32330018281936646
6584,0.3923349380493164
6588,0.36257457733154297
6597,0.31378620862960815
6603,0.722808301448822
6609,0.7328697741031647
6613,0.7508438229560852
6622,0.2823958992958069
6630,0.37688833475112915
6637,0.2591114640235901
6639,0.7871955782175064
6640,0.24772047996520996
6646,0.3677923083305359
6647,0.3886139392852783
6648,0.9758734107017517
6669,0.3129955530166626
6680,0.24313586950302124
6681,0.26559996604919434
6684,0.03499823808670044
6693,0.4114333987236023
6694,0.39093017578125
6704,0.3357856273651123
6706,0.3592984676361084
6710,0.3719475269317627
6713,0.40294861793518066
6718,0.2234070897102356
6732,0.40311914682388306
6737,0.37756460905075073
6739,0.350322425365448
6742,0.39030569791793823
6746,0.578840583562851
6753,0.32132184505462646
6771,0.24404919147491455
6784,0.2819144129753113
6790,0.9389734417200089
6795,0.3616189956665039
6807,0.16197890043258667
6808,0.36743372678756714
6818,0.2981231212615967
6823,0.37605172395706177
6830,0.39095717668533325
6831,0.33529990911483765
6832,0.3523107171058655
6836,0.410849392414093
6846,0.3560781478881836
6850,0.38323014974594116
6854,0.3767639398574829
6868,0.7352565228939056
6876,0.5780985951423645
6877,0.7314765751361847
6881,0.1460595726966858
6882,0.3562397360801697
6884,0.4222078323364258
6886,0.359317421913147
6901,0.3684312701225281
6910,0.3780733346939087
6913,0.3666582703590393
6914,0.8271446824073792
6918,0.7970800250768661
6930,0.790599450469017
6941,0.31675368547439575
6944,0.6138440370559692
6945,0.3438147306442261
6947,0.3907775282859802
6949,0.7453211843967438
6952,0.4195195436477661
6963,0.5566210746765137
6964,0.6599184572696686
6972,0.683847188949585
6979,0.26556938886642456
6981,0.3211033344268799
6988,0.7269538342952728
6990,0.3596162796020508
6998,0.32435697317123413
7004,0.41979753971099854
7016,0.5349210798740387
7027,0.39737164974212646
7042,0.3189559578895569
7056,0.276963472366333
7061,0.3075026869773865
7069,0.6070493757724762
7071,0.389335036277771
7088,0.6227816939353943
7099,0.38888293504714966
7108,0.32914233207702637
7121,0.8232923895120621
7125,0.7594558149576187
7136,0.6171039044857025
7149,0.7082035541534424
7150,0.601014643907547
7151,0.2825890779495239
7167,0.3426457643508911
7177,0.7226129174232483
7178,0.19549524784088135
7183,0.6570677757263184
7186,0.4246025085449219
7190,0.17637348175048828
7201,0.39829498529434204
7202,0.3987375497817993
7207,0.3956976532936096
7213,0.39321404695510864
7224,0.7972574830055237
7225,0.2829079031944275
7233,0.3271406888961792
7239,0.31493306159973145
7246,0.26652681827545166
7248,0.36752718687057495
7261,0.3949125409126282
7264,0.4118387699127197
7266,0.31709951162338257
7274,0.2944161295890808
7279,0.38176125288009644
7293,0.30889928340911865
7315,0.2788456082344055
7322,0.3980715274810791
7326,0.8613164871931076
7341,0.37288928031921387
7363,0.3888038992881775
7365,0.6292236745357513
7371,0.3200085163116455
7377,0.323219358921051
7393,0.7548272609710693
7405,0.29313743114471436
7410,0.32255589962005615
7434,0.8046390265226364
7438,0.3927808403968811
7447,0.7417614758014679
7450,0.7665612548589706
7452,0.4030359387397766
7453,0.21223962306976318
7455,0.2491554617881775
7456,0.39664947986602783
7457,0.943796306848526
7466,0.3928831219673157
7470,0.6490819454193115
7474,0.36208856105804443
7487,0.3016510009765625
7488,0.30117547512054443
7492,0.7429510056972504
7496,0.35164618492126465
7501,0.6154911518096924
7505,0.5367851555347443
7512,0.25317323207855225
7526,0.6323391795158386
7536,0.5581792891025543
7538,0.6466074585914612
7539,0.41383320093154907
7544,0.7149866223335266
7554,0.5248472392559052
7564,0.29799938201904297
7566,0.6517488062381744
7580,0.6147197186946869
7581,0.7366915643215179
7584,0.3582775592803955
7587,0.3414000868797302
7589,0.41679811477661133
7590,0.41776925325393677
7594,0.5754916369915009
7597,0.35056817531585693
7602,0.9534435942769051
7603,0.34839290380477905
7605,0.6457004547119141
7609,0.40009158849716187
7613,0.2926368713378906
7619,0.2257298231124878
7625,0.2983554005622864
7626,0.4055177569389343
7636,0.38099193572998047
7639,0.7223743796348572
7641,0.3921027183532715
7643,0.7368196547031403
7644,0.2967701554298401
7657,0.38509148359298706
7661,0.828969731926918
7666,0.308790922164917
7673,0.26855528354644775
7683,0.28090912103652954
7685,0.42203718423843384
7699,0.32531803846359253
7704,0.723818838596344
7705,0.5953673422336578
7708,0.5875327587127686
7728,0.31470173597335815
7733,0.4163896441459656
7741,0.4136679768562317
7743,0.3422403931617737
7745,0.3502437472343445
7754,0.6755595505237579
7756,0.32941144704818726
7757,0.4006879925727844
7770,0.655962735414505
7773,0.9844755595549941
7774,0.37034565210342407
7776,0.66834557056427
7777,0.3206437826156616
7778,0.34062284231185913
7781,0.3780580759048462
7784,0.3213576674461365
7789,0.8300454020500183
7794,0.5580628514289856
7799,0.40489357709884644
7801,0.6807352304458618
7818,0.2648884057998657
7823,0.3519921898841858
7828,0.45844507217407227
7832,0.38144606351852417
7839,0.38303637504577637
7851,0.8099407106637955
7856,0.44234758615493774
7868,0.3484926223754883
7869,0.18790847063064575
7872,0.26265013217926025
7874,0.36127012968063354
7878,0.2707175016403198
7888,0.4065900444984436
7913,0.31271499395370483
7923,0.3991892337799072
7925,0.3326455354690552
7926,0.599424809217453
7938,0.3755040168762207
7942,0.6999606490135193
7945,0.3402048945426941
7954,0.6203728318214417
7963,0.33304792642593384
7969,0.4219794273376465
7970,0.4616812467575073
7977,0.44317007064819336
7981,0.2963402271270752
7990,0.26334232091903687
8020,0.570147305727005
8023,0.3792356252670288
8025,0.43250954151153564
8034,0.3917860984802246
8039,0.4054110050201416
8046,0.24485176801681519
8051,0.30065518617630005
8055,0.364265501499176
8060,0.4023990035057068
8063,0.37159955501556396
8073,0.9761125333607197
8074,0.39404845237731934
8076,0.7231081426143646
8080,0.39831501245498657
8088,0.31782305240631104
8102,0.5241990983486176
8103,0.38015711307525635
8104,0.40058809518814087
8105,0.34623098373413086
8109,0.24297571182250977
8115,0.40721994638442993
8121,0.611889511346817
8126,0.39150339365005493
8135,0.8022183328866959
8153,0.6358814537525177
8156,0.26959145069122314
8160,0.5403936505317688
8161,0.4255727529525757
8162,0.38038063049316406
8171,0.3915991187095642
8181,0.3748534321784973
8183,0.36364948749542236
8185,0.2685183882713318
8191,0.9249578192830086
8203,0.30734097957611084
8204,0.7342458367347717
8207,0.6055137515068054
8208,0.3957837224006653
8209,0.5882638096809387
8210,0.3136250376701355
8225,0.34442806243896484
8226,0.3318273425102234
8231,0.5929481387138367
8233,0.2316543459892273
8244,0.7542707175016403
8250,0.4012770652770996
8261,0.3822566270828247
8265,0.3195539116859436
8278,0.39971965551376343
8279,0.359897255897522
8280,0.28490960597991943
8296,0.7107236981391907
8299,0.3946111798286438
8300,0.3966073989868164
8301,0.2408577799797058
8305,0.4082863926887512
8327,0.3942985534667969
8334,0.4012656807899475
8349,0.31428128480911255
8355,0.37393230199813843
8361,0.3304603695869446
8362,0.34257829189300537
8364,0.32070374488830566
8365,0.3382225036621094
8375,0.37290650606155396
8378,0.6599282622337341
8380,0.3158911466598511
8381,0.3574439287185669
8387,0.39083021879196167
8399,0.7095767855644226
8402,0.9736660830676556
8409,0.3951314687728882
8433,0.7527522444725037
8436,0.4015342593193054
8442,0.35112643241882324
8448,0.33706849813461304
8464,0.3660393953323364
8469,0.586176335811615
8474,0.5730964541435242
8478,0.43231552839279175
8482,0.379008412361145
8490,0.22957360744476318
8510,0.377339243888855
8511,0.44305306673049927
8527,0.4177659749984741
8532,0.3420247435569763
8533,0.39804065227508545
8538,0.36507171392440796
8541,0.41066157817840576
8545,0.30899298191070557
8553,0.2653064727783203
8554,0.36943984031677246
8555,0.4747397303581238
8569,0.3839479088783264
8586,0.8292302042245865
8593,0.41090309619903564
8600,0.9717518854886293
8606,0.8342159688472748
8607,0.3953844904899597
8611,0.26852184534072876
8613,0.614867776632309
8618,0.7426359355449677
8630,0.2849341630935669
8637,0.3263728618621826
8650,0.3378451466560364
8652,0.1372154951095581
8661,0.3956093192100525
8669,0.484680712223053
8673,0.40033644437789917
8674,0.4206286072731018
8678,0.7360455691814423
8682,0.35260748863220215
8688,0.2836804986000061
8689,0.7800732553005219
8695,0.33503079414367676
8698,0.38789522647857666
8703,0.2900688648223877
8709,0.4273257255554199
8716,0.46877312660217285
8723,0.3686978220939636
8737,0.63910111784935
8753,0.36320197582244873
8773,0.33567965030670166
8774,0.5522969365119934
8778,0.5921083688735962
8786,0.5279455482959747
8794,0.3405168056488037
8795,0.5889780521392822
8800,0.32778751850128174
8804,0.3773055672645569
8808,0.3698164224624634
8809,0.29965919256210327
8817,0.35804450511932373
8818,0.36614805459976196
8825,0.3344336152076721
8830,0.5599816739559174
8833,0.4048991799354553
8834,0.41086888313293457
8836,0.4172927737236023
8837,0.3492313623428345
8844,0.4441069960594177
8851,0.42623454332351685
8861,0.9381349645555019
8864,0.35107511281967163
8865,0.38891851902008057
8869,0.406080424785614
8873,0.7235359847545624
8880,0.8137149214744568
8884,0.2659507393836975
8888,0.41598278284072876
8889,0.2539330720901489
8891,0.7567629367113113
8893,0.33776718378067017
8897,0.4430529475212097
8905,0.376662015914917
8910,0.6764704585075378
8918,0.3864772319793701
8939,0.3885164260864258
8940,0.3217545747756958
8941,0.35185158252716064
8944,0.3764023780822754
8949,0.23393291234970093
8950,0.3386996388435364
8958,0.8320212662220001
8967,0.7995764017105103
8975,0.5870748162269592
8979,0.316803514957428
8980,0.3436076045036316
8991,0.10488629341125488
8995,0.1765958070755005
8996,0.35235321521759033
8998,0.6857909858226776
9000,0.3979371190071106
9001,0.6474138796329498
9002,0.3767751455307007
9024,0.3437061309814453
9026,0.33847445249557495
9027,0.268791139125824
9034,0.33164894580841064
9038,0.3259006142616272
9050,0.3220061659812927
9052,0.8489561676979065
9054,0.41948676109313965
9078,0.8324770927429199
9097,0.2724572420120239
9109,0.28238141536712646
9112,0.6672900915145874
9115,0.4238913655281067
9125,0.3928825259208679
9132,0.410624623298645
9136,0.27031558752059937
9139,0.3278348445892334
9140,0.3291982412338257
9142,0.6080397367477417
9143,0.2258617877960205
9147,0.5040208101272583
9159,0.3188081383705139
9165,0.7257518470287323
9172,0.41985028982162476
9177,0.45610034465789795
9179,0.4353793263435364
9185,0.3706270456314087
9196,0.9308304339647293
9201,0.4207698702812195
9209,0.4227849841117859
9210,0.6229951679706573
9212,0.1626683473587036
9214,0.4291594624519348
9240,0.969324616715312
9241,0.3260810375213623
9244,0.3204064965248108
9249,0.2986546754837036
9250,0.6232748627662659
9255,0.33084845542907715
9258,0.5368158221244812
9263,0.31427282094955444
9266,0.5778051018714905
9269,0.31768161058425903
9272,0.2650644779205322
9276,0.6628533601760864
9290,0.3493489623069763
9299,0.3793138265609741
9303,0.2855907082557678
9310,0.05147618055343628
9311,0.3570341467857361
9314,0.314003586769104
9315,0.9049388021230698
9325,0.3455783724784851
9328,0.5877065658569336
9329,0.4213944673538208
9332,0.9795439951121807
9337,0.33600902557373047
9353,0.8607448935508728
9355,0.4304027557373047
9356,0.39064300060272217
9362,0.7358963191509247
9364,0.3701571822166443
9366,0.37966489791870117
9387,0.8689644783735275
9388,0.9839677754789591
9396,0.4654020071029663
9400,0.40221166610717773
9406,0.4268342852592468
9411,0.37344902753829956
9416,0.6485877633094788
9417,0.7668713182210922
9423,0.7686367481946945
9425,0.27688467502593994
9426,0.44237130880355835
9427,0.3261900544166565
9429,0.7351672053337097
9430,0.7394595444202423
9434,0.29528504610061646
9442,0.4170713424682617
9458,0.42492616176605225
9476,0.36657166481018066
9481,0.37862658500671387
9483,0.4200078845024109
9484,0.3883945941925049
9487,0.7203449904918671
9488,0.3483530282974243
9490,0.40089064836502075
9502,0.9526454024016857
9505,0.35868096351623535
9509,0.32240962982177734
9515,0.42291343212127686
9516,0.40433061122894287
9532,0.29076308012008667
9539,0.5604747831821442
9542,0.2822844982147217
9549,0.39772695302963257
9550,0.6216602623462677
9553,0.4222966432571411
9554,0.22181594371795654
9561,0.3845393657684326
9566,0.42094630002975464
9571,0.3712645173072815
9577,0.370039701461792
9584,0.3605177402496338
9592,0.3946586847305298
9596,0.7437037229537964
9602,0.3140150308609009
9603,0.36913037300109863
9604,0.670389860868454
9608,0.6730658411979675
9609,0.44132035970687866
9613,0.40897369384765625
9623,0.4002583622932434
9630,0.9842563364654779
9633,0.41731876134872437
9648,0.3509550094604492
9665,0.40139836072921753
9668,0.38887399435043335
9678,0.3645528554916382
9679,0.32790040969848633
9693,0.7344022691249847
9718,0.7741112112998962
9720,0.7730942368507385
9744,0.3195057511329651
9745,0.37834370136260986
9746,0.7032425701618195
9753,0.3333945870399475
9758,0.3887365460395813
9759,0.32043564319610596
9763,0.35527563095092773
9766,0.3161775469779968
9767,0.3032304048538208
9777,0.34748417139053345
9781,0.372600257396698
9789,0.3661450147628784
9790,0.22791969776153564
9799,0.3146347999572754
9802,0.29384636878967285
9805,0.6683984994888306
9807,0.2845696210861206
9812,0.3104092478752136
9818,0.3156087398529053
9820,0.7940704375505447
9822,0.42897140979766846
9824,0.3889726400375366
9834,0.38188832998275757
9836,0.22097176313400269
9847,0.20247793197631836
9864,0.9590729922056198
9869,0.34066295623779297
9875,0.4007974863052368
9880,0.33785444498062134
9889,0.7782550007104874
9894,0.38751155138015747
9909,0.8321222811937332
9915,0.3656708598136902
9919,0.29210543632507324
9920,0.7799375057220459
9940,0.7738356590270996
9946,0.6991306841373444
9958,0.6813862323760986
9959,0.4141368269920349
9973,0.6340995132923126
9976,0.3390371799468994
9978,0.4270532727241516
9982,0.40426623821258545
9987,0.28809940814971924
9988,0.2530590295791626
9992,0.5404936671257019
10000,0.016072094440460205
10002,0.7325233519077301
10005,0.4037472605705261
10008,0.27995699644088745
10009,0.3735561966896057
10011,0.33661991357803345
10021,0.2548186182975769
10022,0.7210343182086945
10053,0.34642475843429565
10074,0.3749850392341614
10076,0.4352816343307495
10090,0.33493179082870483
10092,0.43651270866394043
10099,0.42118799686431885
10102,0.43480074405670166
10103,0.4055837392807007
10106,0.4158403277397156
10108,0.7548660933971405
10113,0.7314695715904236
10119,0.3302522301673889
10122,0.3342342972755432
10125,0.3128567337989807
10140,0.24243420362472534
10155,0.3239200711250305
10159,0.33926546573638916
10164,0.40775710344314575
10175,0.4141571521759033
10176,0.8536763042211533
10178,0.3852759599685669
10186,0.396728515625
10200,0.28529149293899536
10204,0.3888970613479614
10206,0.3615199327468872
10211,0.45067697763442993
10212,0.44199424982070923
10217,0.5998293459415436
10220,0.45404767990112305
10230,0.44867151975631714
10234,0.3078371286392212
10235,0.37624627351760864
10239,0.34350889921188354
10240,0.33849918842315674
10242,0.3629646897315979
10245,0.32147330045700073
10246,0.6652096211910248
10247,0.32865726947784424
10250,0.3570168614387512
10254,0.9012545570731163
10257,0.4166034460067749
10260,0.35199254751205444
10261,0.8716682642698288
10265,0.3927465081214905
10273,0.25995105504989624
10274,0.28853869438171387
10277,0.31777501106262207
10289,0.9516760036349297
10290,0.27659177780151367
10298,0.37476152181625366
10301,0.2942207455635071
10304,0.3887738585472107
10305,0.37854325771331787
10313,0.36021119356155396
10320,0.3716323971748352
10323,0.376151442527771
10328,0.28216975927352905
10332,0.9771786294877529
10336,0.9849290698766708
10343,0.3766337037086487
10348,0.3537653088569641
10350,0.27854281663894653
10351,0.30520719289779663
10354,0.30409562587738037
10372,0.2736967206001282
10373,0.7387210130691528
10380,0.41849595308303833
10383,0.1752949357032776
10396,0.653718113899231
10397,0.5061674118041992
10399,0.8331991285085678
10400,0.5420137643814087
10401,0.3127819895744324
10402,0.31015557050704956
10403,0.6029828786849976
10410,0.868367537856102
10412,0.5894694924354553
10415,0.25693321228027344
10424,0.35813331604003906
10428,0.29003530740737915
10432,0.36283254623413086
10462,0.3860854506492615
10477,0.3338317275047302
10482,0.351095974445343
10484,0.43249624967575073
10493,0.3661159873008728
10495,0.33657902479171753
10497,0.3530611991882324
10516,0.38403815031051636
10521,0.19629955291748047
10522,0.7909841239452362
10523,0.7188431620597839
10528,0.33845794200897217
10530,0.17062228918075562
10532,0.5546867549419403
10533,0.3707517385482788
10543,0.9427151717245579
10547,0.5975135564804077
10552,0.417671799659729
10558,0.3546292185783386
10571,0.32186079025268555
10572,0.22675049304962158
10574,0.2917213439941406
10583,0.45127588510513306
10600,0.34485119581222534
10607,0.6315149962902069
10608,0.6113438606262207
10614,0.1648826003074646
10630,0.36465609073638916
10634,0.3350885510444641
10635,0.3982539176940918
10641,0.7668215930461884
10643,0.5932609140872955
10644,0.38768643140792847
10648,0.5775742530822754
10669,0.41843390464782715
10675,0.6040496230125427
10686,0.7840865701436996
10704,0.4286629557609558
10707,0.4092036485671997
10722,0.3499985933303833
10736,0.7315994501113892
10764,0.3060452342033386
10767,0.7632300704717636
10776,0.3220629096031189
10779,0.40946459770202637
10781,0.32869672775268555
10792,0.6691088080406189
10797,0.3773716688156128
10798,0.37913423776626587
10801,0.5999157130718231
10802,0.5494363605976105
10805,0.3491694927215576
10808,0.3561147451400757
10810,0.9209474921226501
10816,0.394165575504303
10817,0.3452014923095703
10829,0.6774254441261292
10843,0.35922354459762573
10858,0.38925182819366455
10866,0.40644752979278564
10876,0.4016348123550415
10887,0.30248910188674927
10891,0.22892117500305176
10896,0.422035276889801
10900,0.8341469615697861
10905,0.12507158517837524
10907,0.30588245391845703
10917,0.2572519779205322
10936,0.4168715476989746
10947,0.3601001501083374
10948,0.6354400813579559
10951,0.35794734954833984
10955,0.3439036011695862
10969,0.3904903531074524
10984,0.3723938465118408
10987,0.3501918315887451
10990,0.33672845363616943
10992,0.3072919249534607
10996,0.3823567032814026
10997,0.45901477336883545
10999,0.33478277921676636
11000,0.6382447481155396
11001,0.40504467487335205
11010,0.4043513536453247
11016,0.46289873123168945
11018,0.7493641376495361
11034,0.9441780410706997
11039,0.49419844150543213
11041,0.3126137852668762
11047,0.3803250193595886
11053,0.5977228581905365
11055,0.42944997549057007
11056,0.3682413697242737
11065,0.26285529136657715
11068,0.6277385652065277
11070,0.3470960855484009
11071,0.6217046678066254
11072,0.41240036487579346
11079,0.40132439136505127
11091,0.372600257396698
11094,0.2945857048034668
11112,0.4015081524848938
11113,0.3820688724517822
11128,0.2508600354194641
11153,0.6101686358451843
11154,0.1079714298248291
11163,0.39985883235931396
11179,0.28794676065444946
11181,0.2400662899017334
11206,0.23441267013549805
11216,0.30873966217041016
11221,0.37022578716278076
11223,0.7237949967384338
11228,0.8303553909063339
11235,0.3570594787597656
11237,0.38881224393844604
11244,0.45890283584594727
11256,0.4463164806365967
11267,0.37424236536026
11272,0.648789644241333
11281,0.3431636691093445
11285,0.35930168628692627
11288,0.374484658241272
11291,0.3766705393791199
11293,0.386354923248291
11297,0.34097230434417725
11298,0.3804478645324707
11299,0.38019073009490967
11301,0.34178972244262695
11309,0.683197021484375
11331,0.39524805545806885
11332,0.4006965756416321
11337,0.4603325128555298
11343,0.8391778469085693
11347,0.35784870386123657
11348,0.6147425472736359
11355,0.9688684530556202
11368,0.311204195022583
11369,0.7524056881666183
11371,0.7886368930339813
11378,0.6074703335762024
11384,0.403259813785553
11387,0.3442211151123047
11393,0.2904561161994934
11399,0.40452033281326294
11412,0.8092838525772095
11431,0.3768479824066162
11432,0.3673356771469116
11444,0.9271770492196083
11450,0.9811690803617239
11451,0.6111102104187012
11476,0.2925528287887573
11488,0.36930888891220093
11495,0.6603302955627441
11505,0.3173164129257202
11508,0.9274585023522377
11518,0.369163453578949
11522,0.14347177743911743
11524,0.38221341371536255
11533,0.3820328116416931
11549,0.2839609980583191
11551,0.9837883468717337
11560,0.3886990547180176
11563,0.190221905708313
11565,0.6675577461719513
11567,0.3551294207572937
11569,0.36865925788879395
11598,0.4497450590133667
11604,0.615324079990387
11611,0.4182925224304199
11617,0.6933862566947937
11626,0.3465208411216736
11642,0.4092333912849426
11643,0.2179599404335022
11648,0.29736804962158203
11651,0.3768506646156311
11663,0.28816044330596924
11666,0.37837040424346924
11685,0.3400561809539795
11686,0.5777546167373657
11698,0.26702648401260376
11708,0.4120839238166809
11711,0.3393166661262512
11718,0.3068225383758545
11742,0.3326897621154785
11761,0.7314765751361847
11767,0.3848465085029602
11768,0.36825209856033325
11775,0.5823957920074463
11779,0.3482903242111206
11786,0.9537866339087486
11790,0.6769218444824219
11791,0.36077213287353516
11796,0.011545717716217041
11806,0.5707117319107056
11810,0.4059286117553711
11811,0.40132850408554077
11814,0.9499612078070641
11816,0.3801543116569519
11820,0.4254620671272278
11822,0.2726636528968811
11829,0.5169034600257874
11832,0.3385588526725769
11834,0.6743048131465912
11836,0.2910619378089905
11837,0.3634529709815979
11844,0.7748600542545319
11847,0.6432034969329834
11864,0.6783985793590546
11865,0.6114929020404816
11872,0.3885348439216614
11873,0.3031131625175476
11886,0.4089171886444092
11894,0.2458115816116333
11905,0.284568727016449
11906,0.15861177444458008
11907,0.3434157371520996
11912,0.3732672929763794
11914,0.6692245602607727
11918,0.3897029161453247
11924,0.4090389013290405
11929,0.9466161094605923
11930,0.36931174993515015
11936,0.3595088720321655
11937,0.3506581783294678
11954,0.4868919849395752
11957,0.2718997597694397
11964,0.23697519302368164
11968,0.3317803144454956
11972,0.30277085304260254
11976,0.4232451319694519
11979,0.1921689510345459
11981,0.3749377727508545
11983,0.41474366188049316
11989,0.24276715517044067
11991,0.488078773021698
11998,0.3848845362663269
12003,0.42930060625076294
12007,0.37510836124420166
12011,0.6151930689811707
12014,0.3216291069984436
12024,0.28045088052749634
12033,0.36000412702560425
12034,0.3637765049934387
12041,0.29725462198257446
12046,0.3680979013442993
12056,0.29847168922424316
12064,0.3578721880912781
12069,0.383678674697876
12070,0.3167273998260498
12071,0.34409916400909424
12072,0.270724892616272
12078,0.3059898018836975
12091,0.6236629784107208
12092,0.358001172542572
12094,0.33915847539901733
12098,0.37547361850738525
12103,0.3859265446662903
12115,0.6752218902111053
12118,0.33946162462234497
12122,0.6042996644973755
12125,0.9475186504423618
12133,0.33300602436065674
12137,0.38410186767578125
12141,0.36282575130462646
12143,0.365353524684906
12144,0.7585864216089249
12154,0.3772265911102295
12163,0.366117000579834
12170,0.6265849471092224
12193,0.29808294773101807
12196,0.3456845283508301
12206,0.4646940231323242
12209,0.3539312481880188
12214,0.3795912265777588
12228,0.3300859332084656
12233,0.7304442822933197
12238,0.40370774269104004
12242,0.3103402256965637
12245,0.6077036261558533
12247,0.3374367952346802
12251,0.3971169590950012
12287,0.42825353145599365
12292,0.9039952456951141
12304,0.3730599284172058
12317,0.7081403136253357
12320,0.7141664624214172
12323,0.7267206609249115
12328,0.3898668885231018
12333,0.74692702293396
12334,0.3383052945137024
12335,0.5533759593963623
12352,0.38731324672698975
12358,0.27865535020828247
12364,0.38546913862228394
12376,0.3176689147949219
12396,0.3982112407684326
12402,0.9732368737459183
12406,0.2836800813674927
12408,0.2435658574104309
12410,0.9470191225409508
12413,0.6369152963161469
12417,0.2942129373550415
12424,0.5998946130275726
12425,0.4033457636833191
12426,0.35549259185791016
12430,0.3339783549308777
12432,0.6253423094749451
12433,0.36157941818237305
12451,0.18636786937713623
12457,0.57430300116539
12465,0.37431156635284424
12468,0.6511872410774231
12474,0.3907598853111267
12475,0.37515294551849365
12486,0.4251028895378113
12487,0.6124569475650787
12514,0.35656464099884033
12524,0.9847070360556245
12526,0.36349737644195557
12530,0.4061928987503052
12532,0.06657087802886963
12593,0.31462371349334717
12599,0.3971242904663086
12600,0.4202619791030884
12603,0.3823027014732361
12624,0.971191881224513
12630,0.37993085384368896
12638,0.37887120246887207
12641,0.678526759147644
12643,0.757861003279686
12656,0.29818761348724365
12666,0.8122301399707794
12673,0.7508438229560852
12675,0.27894163131713867
12678,0.8345252126455307
12692,0.02124154567718506
12693,0.7865479439496994
12707,0.337693989276886
12711,0.7313348352909088
12716,0.270399272441864
12717,0.6738245785236359
12723,0.4264751672744751
12738,0.32463204860687256
12742,0.34418994188308716
12746,0.39855819940567017
12753,0.36296188831329346
12758,0.34916234016418457
12760,0.2721273899078369
12763,0.3352363705635071
12764,0.32522618770599365
12768,0.3853147029876709
12776,0.2984583377838135
12777,0.3713477849960327
12783,0.7769121080636978
12804,0.2823091149330139
12824,0.3750525116920471
12839,0.2941613793373108
12847,0.38023459911346436
12850,0.9764593839645386
12867,0.7594558149576187
12883,0.28377020359039307
12887,0.3974257707595825
12890,0.20410221815109253
12903,0.6290685832500458
12906,0.34705227613449097
12907,0.17141270637512207
12909,0.24620580673217773
12912,0.3024033308029175
12915,0.26796019077301025
12930,0.8070264309644699
12931,0.5846365094184875
12934,0.7082440555095673
12951,0.3730166554450989
12955,0.39172619581222534
12973,0.35727667808532715
12988,0.30406785011291504
12999,0.39335745573043823
13015,0.6300342679023743
13026,0.7542801350355148
13036,0.3541097044944763
13039,0.31934916973114014
13040,0.281302809715271
13041,0.6050368249416351
13043,0.9508458189666271
13057,0.28990352153778076
13064,0.3614293336868286
13068,0.7241812348365784
13069,0.6447871327400208
13073,0.6192244589328766
13079,0.8805242851376534
13086,0.3084752559661865
13089,0.6939879655838013
13093,0.39542752504348755
13097,0.7562744915485382
13098,0.3117232918739319
13105,0.37918543815612793
13107,0.6020928621292114
13108,0.602574497461319
13110,0.36605268716812134
13112,0.8417927324771881
13114,0.42143726348876953
13118,0.4133957028388977
13127,0.3247745633125305
13129,0.30506736040115356
13142,0.9751387406140566
13146,0.40447455644607544
13149,0.2973223924636841
13157,0.31560564041137695
13158,0.7497994303703308
13159,0.7430166304111481
13161,0.2741391658782959
13162,0.3745567202568054
13166,0.35131365060806274
13168,0.34774065017700195
13170,0.9436741359531879
13186,0.5684364438056946
13191,0.3871103525161743
13203,0.34352409839630127
13209,0.3238586187362671
13212,0.33269578218460083
13213,0.3744015097618103
13222,0.30668210983276367
13229,0.6243060827255249
13234,0.6382043063640594
13257,0.6949304640293121
13258,0.4024393558502197
13268,0.292985737323761
13270,0.3869754672050476
13291,0.36648285388946533
13292,0.6086270809173584
13299,0.36969929933547974
13307,0.9694538228213787
13309,0.30214232206344604
13311,0.4266558289527893
13312,0.4045431613922119
13322,0.3930593729019165
13324,0.7608634680509567
13330,0.4409759044647217
13338,0.28040260076522827
13344,0.6924841105937958
13348,0.27289050817489624
13355,0.600334882736206
13365,0.9776229187846184
13368,0.3692709803581238
13370,0.44197267293930054
13372,0.6210517883300781
13377,0.8945862278342247
13385,0.6456124186515808
13389,0.40694087743759155
13393,0.40588855743408203
13395,0.41005373001098633
13404,0.1695067286491394
13411,0.42369580268859863
13416,0.42410212755203247
13434,0.3981652855873108
13435,0.7961766868829727
13445,0.36508750915527344
13446,0.3040804862976074
13451,0.827989861369133
13462,0.6116949915885925
13464,0.32712459564208984
13466,0.2570248246192932
13471,0.37140005826950073
13472,0.8591970652341843
13477,0.2161034345626831
13481,0.26849156618118286
13484,0.9127382561564445
13490,0.41784340143203735
13492,0.7707729041576385
13500,0.195326566696167
13508,0.3670508861541748
13516,0.3572161793708801
13525,0.18282973766326904
13526,0.3724948763847351
13530,0.7766807973384857
13532,0.37431877851486206
13538,0.3853110074996948
13546,0.3899276852607727
13548,0.4149487614631653
13550,0.7690129429101944
13551,0.41275322437286377
13564,0.4173368215560913
13566,0.8860431015491486
13570,0.3978169560432434
13580,0.43584728240966797
13585,0.25652700662612915
13588,0.14235734939575195
13592,0.393582820892334
13594,0.3763800263404846
13609,0.37961238622665405
13610,0.8168123811483383
13613,0.3356056809425354
13625,0.4036991000175476
13626,0.72160604596138
13639,0.6812070608139038
13645,0.7162505090236664
13647,0.6063719987869263
13648,0.1888400912284851
13652,0.6469907760620117
13654,0.7563223838806152
13664,0.387947142124176
13673,0.3444417715072632
13684,0.3286222815513611
13690,0.3159818649291992
13693,0.2901952266693115
13696,0.2713484764099121
13700,0.7420646250247955
13701,0.35688233375549316
13707,0.6571701467037201
13713,0.27304118871688843
13714,0.4795110821723938
13716,0.6049326956272125
13720,0.27525317668914795
13727,0.3691692352294922
13733,0.3940766453742981
13738,0.2704675793647766
13757,0.42341655492782593
13759,0.606865406036377
13761,0.4067893624305725
13767,0.23506945371627808
13782,0.37138640880584717
13786,0.3615568280220032
13787,0.3981652855873108
13792,0.26898783445358276
13795,0.8652480393648148
13798,0.3300384283065796
13807,0.016182780265808105
13809,0.3641508221626282
13811,0.38975387811660767
13815,0.38773876428604126
13817,0.26774221658706665
13818,0.26033079624176025
13822,0.3265964388847351
13824,0.3476642370223999
13829,0.38170087337493896
13832,0.9547625705599785
13840,0.6301078200340271
13841,0.6160702705383301
13868,0.3768012523651123
13871,0.9335155189037323
13880,0.39668411016464233
13888,0.5365806221961975
13890,0.6598270833492279
13891,0.38819754123687744
13895,0.3793741464614868
13907,0.24376463890075684
13910,0.7862309664487839
13912,0.7716614156961441
13913,0.3343297243118286
13923,0.8201364874839783
13929,0.4251987338066101
13936,0.4094476103782654
13946,0.2569997310638428
13950,0.31814104318618774
13951,0.31073325872421265
13954,0.356941282749176
13958,0.7538661807775497
13969,0.622016966342926
13980,0.3142152428627014
13981,0.40210556983947754
13986,0.3454742431640625
13987,0.29425048828125
13989,0.6773500442504883
13992,0.34353315830230713
13994,0.3940547704696655
14001,0.7263270914554596
14002,0.3954726457595825
14004,0.3917135000228882
14006,0.38815391063690186
14012,0.6457345485687256
14021,0.3770132064819336
14024,0.7551117092370987
14045,0.3084874153137207
14047,0.8922307640314102
14057,0.39900869131088257
14059,0.36633551120758057
14060,0.3968413472175598
14068,0.28290730714797974
14070,0.5480656325817108
14074,0.5554480254650116
14076,0.6073354184627533
14089,0.2876926064491272
14115,0.4426536560058594
14116,0.35186105966567993
14128,0.4761807322502136
14131,0.35372668504714966
14134,0.6785685122013092
14137,0.636667937040329
14138,0.5032453835010529
14139,0.7284642457962036
14152,0.3723236918449402
14153,0.9396110959351063
14155,0.41953641176223755
14156,0.900833934545517
14164,0.36382824182510376
14165,0.5386936962604523
14171,0.31542080640792847
14174,0.3177880644798279
14181,0.5369628369808197
14186,0.7247348427772522
14192,0.6056435704231262
14201,0.5922060906887054
14210,0.6608266830444336
14214,0.2059926986694336
14231,0.39639246463775635
14236,0.27425992488861084
14241,0.38469111919403076
14245,0.34648972749710083
14249,0.45240873098373413
14251,0.30245310068130493
14262,0.37368184328079224
14265,0.3409344553947449
14267,0.6071230173110962
14270,0.9514482095837593
14276,0.7380736470222473
14279,0.5248042345046997
14281,0.278775691986084
14289,0.32103031873703003
14290,0.28389519453048706
14293,0.5994141101837158
14295,0.6624234616756439
14297,0.3730775713920593
14298,0.4037790894508362
14310,0.2939208745956421
14312,0.7516612708568573
14315,0.7248718738555908
14318,0.6003822386264801
14319,0.596045047044754
14325,0.6229164004325867
14331,0.3760818839073181
14334,0.27296584844589233
14341,0.6022269129753113
14343,0.9681571424007416
14344,0.358650803565979
14346,0.3701963424682617
14347,0.30022627115249634
14349,0.3310078978538513
14352,0.25023961067199707
14358,0.31885814666748047
14361,0.4415276050567627
14363,0.6650497913360596
14374,0.5501819252967834
14376,0.388849139213562
14381,0.5742019712924957
14398,0.3512464165687561
14410,0.39390236139297485
14412,0.3265525698661804
14415,0.4211561679840088
14423,0.601457804441452
14425,0.4284288287162781
14436,0.3681917190551758
14444,0.34770798683166504
14455,0.6655618250370026
14465,0.329418420791626
14469,0.4037790894508362
14471,0.3156229853630066
14475,0.36231791973114014
14479,0.3641294836997986
14480,0.35887348651885986
14488,0.5817093551158905
14491,0.7072120606899261
14501,0.4742516875267029
14520,0.7112309634685516
14522,0.5899449288845062
14523,0.2931305766105652
14537,0.7165268659591675
14538,0.6501061022281647
14550,0.3471947908401489
14561,0.3524603843688965
14575,0.37221235036849976
14586,0.3565216064453125
14592,0.40402811765670776
14601,0.7807929068803787
14602,0.4263611435890198
14604,0.4232638478279114
14606,0.31214213371276855
14627,0.3615279197692871
14641,0.5193990468978882
14652,0.29143840074539185
14662,0.5944655537605286
14665,0.5861479043960571
14673,0.5896846652030945
14675,0.3134901523590088
14679,0.6245595812797546
14683,0.3543573021888733
14686,0.3345039486885071
14705,0.37004411220550537
14708,0.35278427600860596
14709,0.603891521692276
14710,0.36516839265823364
14715,0.5765166878700256
14717,0.4435390830039978
14723,0.37386512756347656
14725,0.3225201964378357
14727,0.617535263299942
14728,0.2970866560935974
14735,0.30389857292175293
14746,0.384482204914093
14752,0.5191143453121185
14757,0.24351394176483154
14762,0.37297511100769043
14763,0.3652239441871643
14797,0.3977474570274353
14812,0.4535806179046631
14818,0.7220333516597748
14825,0.3975762128829956
14827,0.39378786087036133
14829,0.357388436794281
14830,0.35088270902633667
14837,0.3850565552711487
14849,0.37913453578948975
14863,0.3747512698173523
14869,0.4662281274795532
14882,0.2943309545516968
14884,0.5994116067886353
14886,0.6685618460178375
14888,0.7453211843967438
14890,0.26853251457214355
14904,0.3369583487510681
14938,0.37511587142944336
14952,0.336811900138855
14958,0.8043968230485916
14963,0.5712585747241974
14979,0.15889346599578857
14980,0.3398926854133606
14986,0.47757261991500854
14988,0.32976633310317993
15003,0.395166277885437
15006,0.6475743651390076
15009,0.973165862262249
15015,0.6367188394069672
15024,0.3950505256652832
15030,0.6455520987510681
15036,0.36402297019958496
15038,0.6390248835086823
15039,0.31201285123825073
15047,0.7986749410629272
15049,0.4228871464729309
15056,0.9708465989679098
15068,0.36796092987060547
15070,0.36349552869796753
15073,0.3171015977859497
15081,0.38423198461532593
15084,0.2620089650154114
15088,0.9737185370177031
15092,0.24528414011001587
15095,0.3907517194747925
15097,0.3852555751800537
15098,0.3413049578666687
15115,0.6590064465999603
15120,0.7304616570472717
15126,0.2706298828125
15133,0.5950045585632324
15143,0.3845711350440979
15156,0.33529287576675415
15164,0.19129997491836548
15178,0.39728105068206787
15198,0.8394902944564819
15200,0.635979562997818
15208,0.013053596019744873
15214,0.31414198875427246
15218,0.7342141270637512
15231,0.36055636405944824
15238,0.3082302212715149
15239,0.368674635887146
15240,0.4053562879562378
15249,0.29664987325668335
15256,0.32732224464416504
15260,0.638684093952179
15290,0.4041297435760498
15307,0.981049545109272
15308,0.676720529794693
15321,0.7175987660884857
15323,0.6769074201583862
15325,0.3236047625541687
15342,0.6257639229297638
15346,0.42982417345046997
15349,0.3854219317436218
15354,0.3921544551849365
15362,0.3870896100997925
15379,0.2562474012374878
15383,0.4034767746925354
15394,0.269366979598999
15401,0.5245384573936462
15405,0.3143457770347595
15407,0.32758426666259766
15412,0.4538668990135193
15413,0.4857190251350403
15415,0.7984026372432709
15427,0.8181216269731522
15430,0.61547088623046875
15436,0.6072121262550354
15439,0.31420814990997314
15443,0.301233172416687
15444,0.7281613945960999
15445,0.808675542473793
15450,0.3861674666404724
15456,0.6495540738105774
15465,0.33384764194488525
15466,0.3165323734283447
15470,0.37481874227523804
15474,0.6269958019256592
15476,0.37568116188049316
15482,0.2807925343513489
15492,0.34367644786834717
15510,0.6007234156131744
15519,0.41591984033584595
15523,0.11560916900634766
15535,0.6630237698554993
15561,0.9443292543292046
15564,0.6029897630214691
15566,0.3175065517425537
15579,0.36364954710006714
15580,0.6000157296657562
15581,0.3803091049194336
15587,0.5874936282634735
15589,0.3636012077331543
15591,0.3578595519065857
15597,0.3240036368370056
15620,0.6559942960739136
15627,0.57480388879776
15636,0.7178452014923096
15653,0.3477242588996887
15662,0.9017351344227791
15664,0.3520228862762451
15666,0.561611533164978
15667,0.30848169326782227
15674,0.6347857713699341
15692,0.31071388721466064
15715,0.35012906789779663
15736,0.6198618113994598
15744,0.7767921835184097
15746,0.34410935640335083
15758,0.377680242061615
15760,0.2554057836532593
15766,0.30961471796035767
15767,0.38114333152770996
15789,0.7277491390705109
15810,0.2676777243614197
15818,0.2850457429885864
15820,0.1871930956840515
15830,0.39031004905700684
15844,0.26315587759017944
15850,0.1686142086982727
15857,0.4212237000465393
15863,0.9788918439298868
15869,0.4269668459892273
15872,0.2761777639389038
15873,0.62992095947265625
15884,0.27813369035720825
15885,0.6185437142848969
15891,0.7582489103078842
15898,0.38987302780151367
15900,0.2609265446662903
15932,0.3482324481010437
15940,0.36929643154144287
15944,0.21992087364196777
15945,0.28377461433410645
15963,0.7278942465782166
15970,0.5094051957130432
15977,0.43213212490081787
15982,0.2469995617866516
15985,0.3866380453109741
15995,0.3958895206451416
16004,0.318941593170166
16005,0.36565494537353516
16011,0.27725476026535034
16019,0.7213222682476044
16021,0.341600239276886
16051,0.8331501930952072
16065,0.38132911920547485
16066,0.28475522994995117
16076,0.4421578049659729
16091,0.3760221004486084
16094,0.3619590997695923
16101,0.2891737222671509
16104,0.7200038731098175
16113,0.7396667897701263
16114,0.6125350594520569
16115,0.7443573772907257
16127,0.5807923674583435
16128,0.3501352071762085
16138,0.6670935451984406
16139,0.591778427362442
16142,0.3438175320625305
16144,0.5963502824306488
16148,0.7842912524938583
16151,0.39068323373794556
16156,0.6058912575244904
16165,0.631164014339447
16166,0.3725765347480774
16179,0.7718362063169479
16193,0.5856339037418365
16196,0.5572515428066254
16198,0.41108566522598267
16210,0.6363074481487274
16232,0.37187832593917847
16237,0.31096649169921875
16240,0.578436404466629
16252,0.5949503183364868
16259,0.34530723094940186
16262,0.3907775282859802
16263,0.37342703342437744
16270,0.392863929271698
16272,0.377510666847229
16290,0.2875679135322571
16295,0.8262571543455124
16297,0.35128819942474365
16299,0.334094762802124
16300,0.2551115155220032
16302,0.35947346687316895
16303,0.5443977415561676
16305,0.6115192472934723
16309,0.3681999444961548
16312,0.3709978461265564
16320,0.22463607788085938
16326,0.2931739091873169
16327,0.4092584252357483
16338,0.37844449281692505
16342,0.3373340964317322
16346,0.5077349543571472
16348,0.4209040403366089
16355,0.5921578109264374
16356,0.5861330926418304
16378,0.8417797982692719
16382,0.2894246578216553
16391,0.394835889339447
16392,0.4311496615409851
16395,0.7304616570472717
16399,0.3636521100997925
16403,0.40940970182418823
16408,0.4862332344055176
16413,0.33873260021209717
16415,0.285261332988739
16417,0.6264607012271881
16420,0.3665362000465393
16431,0.2999548316001892
16439,0.64760422706604
16444,0.7938428670167923
16446,0.016826093196868896
16451,0.5823639333248138
16454,0.30829304456710815
16461,0.35171085596084595
16462,0.4066922068595886
16469,0.3689669370651245
16484,0.3301171660423279
16486,0.37052595615386963
16487,0.39521878957748413
16491,0.42751628160476685
16494,0.39772462844848633
16507,0.5784620642662048
16508,0.28412383794784546
16519,0.32769399881362915
16523,0.3047981858253479
16526,0.6929179728031158
16530,0.3744193911552429
16532,0.7680231928825378
16542,0.28272002935409546
16550,0.7356939017772675
16555,0.39642226696014404
16558,0.31279313564300537
16567,0.8057554066181183
16576,0.16504770517349243
16579,0.34067922830581665
16595,0.5979426503181458
16598,0.3070669174194336
16600,0.35908353328704834
16604,0.6883576810359955
16605,0.8564446121454239
16607,0.6632217764854431
16610,0.3857479691505432
16612,0.9705049321055412
16617,0.6497789025306702
16625,0.6393553912639618
16632,0.7085383832454681
16634,0.6293417811393738
16650,0.30022305250167847
16654,0.4168431758880615
16655,0.4152742624282837
16656,0.33544135093688965
16657,0.5576484501361847
16660,0.535179615020752
16662,0.48538273572921753
16669,0.351320743560791
16675,0.6713691353797913
16676,0.30596762895584106
16678,0.3841015696525574
16679,0.38408225774765015
16693,0.3284154534339905
16701,0.2404821515083313
16715,0.6009024679660797
16722,0.6094283163547516
16724,0.5886494219303131
16727,0.6014203429222107
16735,0.39151304960250854
16741,0.31142306327819824
16752,0.30834656953811646
16758,0.3770063519477844
16765,0.37295830249786377
16771,0.3656280040740967
16785,0.07473927736282349
16793,0.6288248896598816
16800,0.2951638102531433
16805,0.36976635456085205
16809,0.227810800075531
16820,0.5156937837600708
16827,0.5392003059387207
16830,0.42256420850753784
16843,0.9800753835588694
16847,0.2793705463409424
16855,0.6876029074192047
16860,0.6238004267215729
16862,0.5812080502510071
16863,0.33258771896362305
16872,0.12071782350540161
16874,0.2580428123474121
16876,0.35574811697006226
16893,0.36630910634994507
16895,0.35765665769577026
16914,0.409424364566803
16917,0.3067901134490967
16926,0.30524128675460815
16930,0.5073999762535095
16931,0.2980758547782898
16932,0.31145143508911133
16934,0.30124813318252563
16937,0.3730877637863159
16941,0.3785284757614136
16942,0.9520512260496616
16957,0.39838945865631104
16962,0.6215511560440063
16967,0.710066944360733
16968,0.7159690856933594
16972,0.311084508895874
16974,0.2825309634208679
16984,0.38579410314559937
16987,0.3417961597442627
16994,0.6878024041652679
16995,0.6392154097557068
16999,0.3424451947212219
17034,0.560540109872818
17038,0.3551056385040283
17040,0.2502298355102539
17050,0.19545716047286987
17068,0.3502442240715027
17077,0.3182685971260071
17079,0.6945633888244629
17082,0.6821818649768829
17085,0.6356585919857025
17087,0.3674643039703369
17099,0.7251550853252411
17105,0.34682953357696533
17108,0.25462859869003296
17110,0.29284000396728516
17111,0.36298757791519165
17123,0.2769937515258789
17124,0.4186455011367798
17130,0.6593633592128754
17138,0.3168732523918152
17143,0.7986881285905838
17157,0.2641528248786926
17160,0.8580630570650101
17166,0.3010525703430176
17167,0.28392207622528076
17179,0.38097476959228516
17180,0.3641431927680969
17189,0.5895052552223206
17197,0.7040782868862152
17219,0.5958748757839203
17223,0.2840456962585449
17225,0.7486767470836639
17229,0.6430201530456543
17234,0.380029559135437
17235,0.27588945627212524
17239,0.39549708366394043
17242,0.4018148183822632
17243,0.39604246616363525
17246,0.60462188720703125
17247,0.2987196445465088
17255,0.19810670614242554
17258,0.40726375579833984
17260,0.40541690587997437
17264,0.5903087258338928
17270,0.3760586380958557
17271,0.39100611209869385
17272,0.4033890962600708
17285,0.349462628364563
17294,0.34691786766052246
17297,0.35735273361206055
17298,0.6057944297790527
17299,0.3585154414176941
17306,0.25766444206237793
17324,0.32438790798187256
17326,0.27647513151168823
17330,0.3452231287956238
17345,0.3801725506782532
17351,0.8032263070344925
17352,0.2849045395851135
17372,0.25273799896240234
17381,0.49869900941848755
17385,0.6229004561901093
17388,0.3398286700248718
17390,0.6022228002548218
17392,0.8065714687108994
17399,0.1870841383934021
17404,0.3906462788581848
17407,0.2644146680831909
17408,0.4644855856895447
17416,0.5907881855964661
17418,0.36709707975387573
17434,0.8816651105880737
17438,0.6386642754077911
17443,0.7129139602184296
17444,0.3750731348991394
17453,0.31810998916625977
17460,0.6409293115139008
17467,0.5540586411952972
17480,0.3556458353996277
17488,0.6847529709339142
17490,0.3450390100479126
17493,0.3731733560562134
17498,0.34089285135269165
17503,0.32591986656188965
17513,0.3256567716598511
17520,0.5821289420127869
17525,0.5929626524448395
17534,0.3396148681640625
17545,0.42622655630111694
17553,0.3804008364677429
17554,0.350122332572937
17557,0.3133006691932678
17563,0.6727927923202515
17576,0.3801806569099426
17577,0.38246673345565796
17580,0.7521307319402695
17582,0.3220198154449463
17596,0.40756160020828247
17597,0.3792005181312561
17602,0.6930803954601288
17614,0.5991981625556946
17623,0.547398030757904
17624,0.7668746113777161
17627,0.7285626232624054
17628,0.37347108125686646
17630,0.31829625368118286
17634,0.9034164324402809
17640,0.36104726791381836
17652,0.4486219882965088
17657,0.29163622856140137
17661,0.35129207372665405
17662,0.48703789710998535
17666,0.3748893141746521
17682,0.8109076768159866
17688,0.43345677852630615
17693,0.6082893311977386
17705,0.40759211778640747
17711,0.5976990759372711
17715,0.34111064672470093
17717,0.4073624610900879
17721,0.20889705419540405
17728,0.24462151527404785
17737,0.3785324692726135
17745,0.38276004791259766
17755,0.34129607677459717
17764,0.7917092442512512
17774,0.36223840713500977
17785,0.2498476505279541
17786,0.7622469663619995
17789,0.37709975242614746
17802,0.34697818756103516
17810,0.6663526594638824
17819,0.7640271037817001
17825,0.2664709687232971
17828,0.28772419691085815
17833,0.2368263602256775
17841,0.7355580627918243
17842,0.39649301767349243
17844,0.28234177827835083
17849,0.38174617290496826
17855,0.37824398279190063
17857,0.9531829357147217
17861,0.25985366106033325
17863,0.33136725425720215
17868,0.3463268280029297
17876,0.5946039259433746
17882,0.33216720819473267
17885,0.35827797651290894
17893,0.40571165084838867
17894,0.3507988452911377
17902,0.82203109562397
17906,0.3944913148880005
17911,0.4760516881942749
17917,0.3212626576423645
17921,0.26891905069351196
17941,0.3228549361228943
17945,0.27071499824523926
17949,0.3476099371910095
17954,0.37089258432388306
17957,0.3484857678413391
17958,0.6215366423130035
17960,0.3467103838920593
17985,0.8037870675325394
18000,0.4347352385520935
18002,0.6112011969089508
18008,0.21735650300979614
18014,0.3624379634857178
18015,0.9786085356026888
18019,0.26771092414855957
18021,0.40039998292922974
18026,0.2622920870780945
18029,0.33873552083969116
18034,0.6579851508140564
18035,0.37702590227127075
18036,0.30112987756729126
18039,0.6403127312660217
18066,0.3589979410171509
18076,0.38969463109970093
18089,0.3328436017036438
18104,0.304206907749176
18110,0.34713900089263916
18129,0.6241898238658905
18131,0.709966242313385
18133,0.31186574697494507
18136,0.3151394724845886
18148,0.4193020462989807
18152,0.018333852291107178
18167,0.7410759031772614
18177,0.2974088191986084
18178,0.38806647062301636
18183,0.3344379663467407
18194,0.5238998830318451
18197,0.664964348077774
18213,0.31415992975234985
18214,0.3652147054672241
18221,0.2825573682785034
18227,0.2808339595794678
18239,0.8729320168495178
18245,0.34757113456726074
18266,0.24162554740905762
18267,0.41188162565231323
18274,0.17799794673919678
18283,0.32568615674972534
18297,0.2519492506980896
18302,0.23221468925476074
18303,0.5985270738601685
18315,0.40546756982803345
18324,0.28838372230529785
18326,0.5969134569168091
18334,0.2618753910064697
18336,0.363159716129303
18344,0.3211402893066406
18346,0.36681753396987915
18347,0.26931965351104736
18350,0.35922378301620483
18352,0.4959527254104614
18364,0.5472692549228668
18366,0.40566104650497437
18373,0.36978673934936523
18391,0.275607168674469
18393,0.28466182947158813
18395,0.5713817477226257
18400,0.7424226403236389
18408,0.39331692457199097
18421,0.5733185410499573
18425,0.602916955947876
18443,0.30322933197021484
18451,0.2944216728210449
18456,0.4001518487930298
18458,0.5912438631057739
18460,0.2856947183609009
18467,0.4301343560218811
18468,0.3972232937812805
18475,0.5187941193580627
18485,0.27831482887268066
18494,0.6470487415790558
18495,0.9438469745218754
18508,0.6036439538002014
18530,0.3584110736846924
18533,0.3113383650779724
18547,0.27673298120498657
18548,0.33781611919403076
18553,0.29841870069503784
18561,0.3396735191345215
18565,0.8191782236099243
18572,0.31701040267944336
18593,0.3230826258659363
18600,0.3204066753387451
18621,0.5800482332706451
18629,0.675856202840805
18637,0.38355880975723267
18649,0.39390575885772705
18653,0.7732223719358444
18660,0.23313796520233154
18671,0.17768216133117676
18672,0.20707350969314575
18677,0.30442601442337036
18681,0.934538260102272
18684,0.9146357849240303
18686,0.264559805393219
18689,0.46369343996047974
18690,0.5555441677570343
18709,0.5714596807956696
18716,0.7984887510538101
18723,0.6161765158176422
18773,0.28608840703964233
18782,0.41668927669525146
18797,0.7749118655920029
18810,0.36031287908554077
18817,0.6847048103809357
18820,0.7512568831443787
18825,0.2849513292312622
18837,0.5603987574577332
18850,0.776758074760437
18857,0.22074031829833984
18861,0.6215631663799286
18867,0.39017224311828613
18870,0.23364144563674927
18877,0.7208440601825714
18887,0.3223997950553894
18898,0.344934344291687
18900,0.5446673631668091
18914,0.5384082198143005
18921,0.44900715351104736
18922,0.7447519898414612
18945,0.32557594776153564
18947,0.5963631868362427
18953,0.48100322484970093
18954,0.3573518395423889
18957,0.5748690962791443
18960,0.760758638381958
18973,0.1677016019821167
18983,0.433080792427063
18990,0.24755120277404785
18991,0.17790740728378296
18993,0.32275158166885376
18995,0.26649999618530273
18996,0.2725169062614441
19003,0.2254699468612671
19014,0.3839111924171448
19015,0.3635825514793396
19019,0.7094607055187225
19028,0.3359631896018982
19038,0.615152895450592
19040,0.5062524974346161
19046,0.36317843198776245
19051,0.3293811082839966
19054,0.9552767761051655
19056,0.39265769720077515
19074,0.33379852771759033
19085,0.7077388763427734
19099,0.9349270239472389
19124,0.3340151309967041
19134,0.516509085893631
19141,0.16152244806289673
19146,0.5708718299865723
19150,0.2905459403991699
19170,0.41979652643203735
19176,0.3731292486190796
19187,0.42442643642425537
19189,0.38640880584716797
19202,0.5795608758926392
19208,0.39054232835769653
19209,0.29701918363571167
19210,0.9079593494534492
19216,0.27655351161956787
19217,0.2755064368247986
19218,0.5860530734062195
19223,0.2716805934906006
19240,0.2582363486289978
19246,0.3600289821624756
19269,0.42881208658218384
19275,0.6946032643318176
19287,0.30494195222854614
19298,0.3940199613571167
19303,0.29591071605682373
19313,0.5670813620090485
19325,0.3001190423965454
19326,0.5626455545425415
19328,0.3847402334213257
19330,0.3840411305427551
19340,0.6052983403205872
19342,0.3049449920654297
19343,0.34935182332992554
19344,0.5933089554309845
19363,0.29341137409210205
19364,0.5785706639289856
19371,0.1600629687309265
19376,0.29805272817611694
19377,0.33043134212493896
19381,0.3910648226737976
19384,0.5120697617530823
19390,0.4701557755470276
19402,0.2773396968841553
19405,0.218184232711792
19409,0.27216213941574097
19418,0.7152978777885437
19429,0.7017489671707153
19446,0.5710354745388031
19458,0.7039384841918945
19460,0.7619592100381851
19462,0.7065495550632477
19465,0.33459168672561646
19472,0.3610690236091614
19480,0.3380996584892273
19503,0.6820115745067596
19507,0.5980548560619354
19517,0.38264673948287964
19533,0.39695388078689575
19537,0.22903317213058472
19541,0.3207690715789795
19563,0.41762202978134155
19566,0.6942644417285919
19568,0.48025596141815186
19576,0.36372196674346924
19591,0.4006960391998291
19597,0.7049133479595184
19619,0.6228444278240204
19622,0.8272668272256851
19623,0.3896380066871643
19624,0.34816086292266846
19627,0.5173287689685822
19629,0.28286468982696533
19633,0.3720734119415283
19639,0.262550950050354
19641,0.2909899950027466
19643,0.33770883083343506
19649,0.27597087621688843
19652,0.6672200560569763
19657,0.37442201375961304
19660,0.6038099527359009
19668,0.9429034367203712
19678,0.3349798917770386
19686,0.7101486325263977
19690,0.32094717025756836
19694,0.3949505090713501
19695,0.2144668698310852
19702,0.7167310416698456
19712,0.5423823595046997
19720,0.6816136837005615
19735,0.6653131544589996
19739,0.3636244535446167
19740,0.5309181213378906
19743,0.3687816262245178
19750,0.45916295051574707
19752,0.67752838134765625
19754,0.2888912558555603
19762,0.5606888830661774
19770,0.3755177855491638
19775,0.4619792699813843
19777,0.34543466567993164
19782,0.3035299777984619
19783,0.7913087606430054
19786,0.3547007441520691
19805,0.5074582695960999
19808,0.3542909622192383
19819,0.7210268378257751
19821,0.2848176956176758
19827,0.18069326877593994
19830,0.5602317750453949
19832,0.5420643091201782
19833,0.2739063501358032
19834,0.37461966276168823
19843,0.3551676273345947
19844,0.2420244812965393
19846,0.2799515128135681
19847,0.29778188467025757
19850,0.7710422277450562
19851,0.4327375292778015
19861,0.6543750464916229
19873,0.7082787752151489
19878,0.3612441420555115
19886,0.2743264436721802
19892,0.7312251925468445
19901,0.27661603689193726
19902,0.7492980062961578
19920,0.9172214493155479
19921,0.34224802255630493
19922,0.29188865423202515
19929,0.8221524804830551
19932,0.4470036029815674
19935,0.3267648220062256
19936,0.6308154761791229
19946,0.739106148481369
19950,0.7401787638664246
19952,0.5893399119377136
19955,0.3921019434928894
19976,0.25177299976348877
19983,0.6839188635349274
19987,0.2864803075790405
19991,0.7616837471723557
19996,0.6435703039169312
20007,0.7073865532875061
20015,0.4851205348968506
20019,0.3107185363769531
20023,0.3557237386703491
20034,0.33304840326309204
20036,0.3285369277000427
20038,0.39718472957611084
20039,0.3960609436035156
20040,0.6838850677013397
20045,0.5708568096160889
20046,0.6008196473121643
20048,0.39197325706481934
20060,0.39600855112075806
20068,0.19074809551239014
20074,0.9382795132696629
20111,0.2906920313835144
20117,0.32868367433547974
20125,0.35850638151168823
20129,0.6519335508346558
20134,0.30236172676086426
20135,0.26197516918182373
20139,0.28621524572372437
20142,0.313870906829834
20147,0.6242594718933105
20154,0.7092666923999786
20157,0.2528928518295288
20169,0.08207482099533081
20179,0.2546863555908203
20202,0.25968122482299805
20207,0.38534778356552124
20215,0.3833741545677185
20216,0.903963252902031
20217,0.7694889158010483
20218,0.6960575878620148
20219,0.6997665166854858
20226,0.3216368556022644
20236,0.5547289252281189
20239,0.268968403339386
20246,0.3637930750846863
20247,0.2632395625114441
20253,0.6131263971328735
20255,0.20367413759231567
20268,0.3799789547920227
20270,0.7955576926469803
20271,0.3184976577758789
20279,0.6617441773414612
20282,0.65200474858284
20295,0.36939430236816406
20302,0.3512580990791321
20305,0.6509637832641602
20306,0.6463174819946289
20308,0.2921973466873169
20330,0.7530009299516678
20335,0.6002406775951385
20344,0.2517496347427368
20349,0.9100918844342232
20360,0.35650938749313354
20362,0.699161559343338
20378,0.603218674659729
20394,0.3170506954193115
20397,0.7131780385971069
20403,0.2522515058517456
20405,0.6879983842372894
20415,0.2884390354156494
20417,0.3240765333175659
20420,0.30803483724594116
20425,0.6832728981971741
20430,0.6643888652324677
20435,0.534826785326004
20443,0.5071318447589874
20446,0.2699418067932129
20458,0.3622090816497803
20459,0.6611493527889252
20467,0.26230084896087646
20470,0.8174396753311157
20482,0.6648281216621399
20489,0.6470207273960114
20495,0.3840945363044739
20496,0.38965141773223877
20497,0.677791565656662
20505,0.34344589710235596
20509,0.510811984539032
20535,0.39580243825912476
20539,0.7417640089988708
20544,0.627926230430603
20547,0.3568287491798401
20556,0.21219629049301147
20557,0.6262927353382111
20575,0.335408091545105
20577,0.3224272131919861
20596,0.2119227647781372
20597,0.31326138973236084
20602,0.3211857080459595
20603,0.34682220220565796
20609,0.7189280390739441
20618,0.4286147952079773
20621,0.6289983093738556
20628,0.14625048637390137
20634,0.5131396353244781
20637,0.3444809317588806
20641,0.31924617290496826
20642,0.34747880697250366
20647,0.3791109323501587
20655,0.6158206164836884
20656,0.15696501731872559
20661,0.28780704736709595
20664,0.73307666182518
20674,0.835162952542305
20679,0.726484626531601
20680,0.2979719042778015
20683,0.9388572722673416
20687,0.33909404277801514
20688,0.9783354569226503
20695,0.44048094749450684
20696,0.3596673011779785
20699,0.33155739307403564
20701,0.27346670627593994
20702,0.24933773279190063
20704,0.25522804260253906
20721,0.3549739122390747
20725,0.37368983030319214
20731,0.38063371181488037
20741,0.356447696685791
20742,0.3494746685028076
20753,0.6439715325832367
20756,0.3126561641693115
20769,0.22351372241973877
20771,0.4998742938041687
20774,0.3614981174468994
20777,0.3718399405479431
20781,0.37608325481414795
20797,0.72008514404296875
20808,0.48690295219421387
20810,0.46289169788360596
20820,0.36091285943984985
20823,0.944968294352293
20829,0.9487133473157883
20832,0.380191445350647
20833,0.347716748714447
20837,0.32369285821914673
20838,0.22906357049942017
20839,0.3055453300476074
20847,0.36583375930786133
20861,0.35238897800445557
20869,0.9666693583130836
20875,0.22327226400375366
20877,0.5311595797538757
20889,0.29754191637039185
20894,0.8422858715057373
20901,0.6334220170974731
20919,0.27149760723114014
20923,0.39410310983657837
20935,0.8351527005434036
20937,0.3650393486022949
20939,0.943965133279562
20940,0.3348771333694458
20943,0.30142027139663696
20946,0.5834149718284607
20950,0.5625414848327637
20961,0.8827520310878754
20965,0.320986270904541
20967,0.7115888297557831
20969,0.36993491649627686
20970,0.3513604402542114
20975,0.6249005794525146
20987,0.619347095489502
20995,0.6349765658378601
20998,0.7022818326950073
21002,0.2855062484741211
21012,0.9741254486143589
21013,0.7233365476131439
21015,0.3622584342956543
21017,0.32238245010375977
21020,0.2824743390083313
21028,0.28307610750198364
21031,0.3699425458908081
21036,0.3498581647872925
21040,0.325930655002594
21048,0.6268150508403778
21049,0.36156219244003296
21051,0.5643855631351471
21070,0.30580568313598633
21072,0.5943910479545593
21079,0.5508726835250854
21090,0.5540038347244263
21093,0.2833637595176697
21104,0.27405595779418945
21114,0.5297481715679169
21117,0.2007468342781067
21120,0.291714072227478
21121,0.480305016040802
21132,0.1857408881187439
21136,0.5540703237056732
21139,0.5966967344284058
21140,0.2527175545692444
21146,0.7111808657646179
21150,0.48417186737060547
21178,0.4987441301345825
21180,0.7118006646633148
21198,0.3139408230781555
21203,0.31404411792755127
21210,0.16199707984924316
21218,0.3408799171447754
21220,0.32746028900146484
21222,0.09074801206588745
21228,0.6289744079113007
21236,0.5898900926113129
21239,0.12876009941101074
21260,0.2963908910751343
21267,0.18953371047973633
21271,0.2626933455467224
21279,0.20664513111114502
21286,0.5260604918003082
21288,0.3351935148239136
21294,0.5665371119976044
21298,0.20396870374679565
21299,0.553504467010498
21300,0.6466724276542664
21304,0.3371102213859558
21307,0.3175204396247864
21309,0.1098969578742981
21311,0.2541058659553528
21331,0.22383588552474976
21332,0.888108067214489
21342,0.49521952867507935
21345,0.6781110465526581
21348,0.6227409839630127
21353,0.49805253744125366
21357,0.2155335545539856
21369,0.5144728422164917
21370,0.6883960068225861
21371,0.3246055841445923
21373,0.09982872009277344
21385,0.6243261992931366
21392,0.31111007928848267
21401,0.37949132919311523
21403,0.22213464975357056
21406,0.3662424087524414
21413,0.7542877644300461
21414,0.74766406416893
21416,0.6210659146308899
21423,0.7995954751968384
21442,0.4864147901535034
21443,0.155156672000885
21448,0.28388845920562744
21459,0.5298486351966858
21467,0.2591065764427185
21474,0.5438650548458099
21484,0.5135913193225861
21488,0.790853425860405
21495,0.3035561442375183
21498,0.30964434146881104
21502,0.2715457081794739
21503,0.5788520872592926
21510,0.5669962167739868
21516,0.8763213083148003
21533,0.7651285082101822
21535,0.29886072874069214
21539,0.2477625012397766
21541,0.31272590160369873
21544,0.5619576275348663
21554,0.7869011461734772
21569,0.28660374879837036
21572,0.3276664614677429
21578,0.26056987047195435
21580,0.3751698136329651
21584,0.23512005805969238
21589,0.7389376759529114
21595,0.3376867175102234
21598,0.5821887850761414
21599,0.33832234144210815
21606,0.3115159273147583
21623,0.2967798113822937
21639,0.5662665963172913
21641,0.23679876327514648
21645,0.28244709968566895
21647,0.5253284573554993
21648,0.1534786820411682
21657,0.26361894607543945
21671,0.46392518281936646
21673,0.18081969022750854
21678,0.2482844591140747
21696,0.5320089757442474
21699,0.5153870284557343
21700,0.29403239488601685
21703,0.31121712923049927
21710,0.31511563062667847
21721,0.28982973098754883
21727,0.415530800819397
21728,0.8347117453813553
21731,0.331167995929718
21741,0.2997351884841919
21744,0.721284031867981
21748,0.2991085648536682
21753,0.25246793031692505
21756,0.3226163387298584
21763,0.30115771293640137
21767,0.2266663908958435
21772,0.7819895446300507
21774,0.44166290760040283
21775,0.7320258915424347
21780,0.3609285354614258
21787,0.5259976089000702
21805,0.2723575830459595
21828,0.21844357252120972
21831,0.49216389656066895
21837,0.27492761611938477
21842,0.3374427556991577
21849,0.256122350692749
21856,0.4879007339477539
21858,0.26282066106796265
21862,0.11717557907104492
21864,0.25099414587020874
21867,0.2767050862312317
21879,0.24605733156204224
21881,0.23401165008544922
21883,0.27534711360931396
21891,0.57006072998046875
21892,0.24588245153427124
21902,0.19549787044525146
21909,0.23384660482406616
21914,0.19511747360229492
21918,0.2283320426940918
21919,0.25316715240478516
21926,0.24616461992263794
21930,0.44439685344696045
21934,0.582647442817688
21940,0.26793742179870605
21945,0.2148756980895996
21948,0.6490423083305359
21953,0.2617869973182678
21954,0.17922264337539673
21956,0.3783148527145386
21963,0.6491575837135315
21970,0.40506690740585327
21984,0.2286621332168579
21997,0.27731752395629883
21999,0.29484617710113525
22001,0.2503974437713623
22002,0.31426745653152466
22010,0.7697647660970688
22013,0.2676408290863037
22022,0.2699481248855591
22024,0.2447584867477417
22028,0.24009722471237183
22029,0.7585432380437851
22045,0.24919700622558594
22049,0.28072744607925415
22064,0.622491866350174
22069,0.4447004795074463
22074,0.45356929302215576
22082,0.25320643186569214
22084,0.2472711205482483
22090,0.5663692653179169
22096,0.5372111797332764
22100,0.2566232681274414
22105,0.22236144542694092
22119,0.2976212501525879
22130,0.2631620764732361
22152,0.6471109092235565
22155,0.2436506152153015
22164,0.18844687938690186
22173,0.3156317472457886
22194,0.4095699191093445
22209,0.2553117275238037
22217,0.0882682204246521
22220,0.20645672082901
22222,0.6473469734191895
22244,0.22289443016052246
22245,0.22295820713043213
22250,0.4844436049461365
22256,0.7822440713644028
22261,0.6137793362140656
22264,0.2537088394165039
22270,0.3902495503425598
22279,0.8155137896537781
22280,0.2644948959350586
22284,0.2624802589416504
22288,0.2797832489013672
22293,0.21649402379989624
22297,0.9632235318422318
22307,0.4122968316078186
22310,0.19983720779418945
22319,0.43466079235076904
22324,0.17343592643737793
22326,0.12950879335403442
22327,0.2327137589454651
22329,0.25886666774749756
22331,0.734157383441925
22340,0.49639660120010376
22342,0.5294491350650787
22347,0.5574890375137329
22351,0.31552934646606445
22357,0.2452327013015747
22361,0.321338415145874
22371,0.1258223056793213
22373,0.17201346158981323
22391,0.5470861196517944
22404,0.5516753494739532
22409,0.7476951479911804
22411,0.3514138460159302
22428,0.4997714161872864
22436,0.44835329055786133
22444,0.6256096661090851
22445,0.20233583450317383
22451,0.24038082361221313
22463,0.24734419584274292
22464,0.22550570964813232
22467,0.8227041214704514
22472,0.22821372747421265
22485,0.8329775929450989
22497,0.2384340763092041
22504,0.57332643866539
22508,0.32908159494400024
22516,0.26019078493118286
22522,0.22598665952682495
22527,0.5021428763866425
22543,0.7388654351234436
22549,0.2196395993232727
22551,0.4833914041519165
22557,0.4317014813423157
22562,0.22916746139526367
22567,0.30159860849380493
22572,0.2567627429962158
22575,0.4572550654411316
22578,0.5663370788097382
22579,0.29549920558929443
22580,0.2915704846382141
22581,0.2468053698539734
22591,0.7376099526882172
22593,0.21527695655822754
22597,0.23098289966583252
22600,0.37521159648895264
22602,0.4000377058982849
22603,0.3952034115791321
22616,0.42325901985168457
22617,0.257776141166687
22622,0.3364390730857849
22623,0.32276999950408936
22624,0.6202423870563507
22628,0.3922855854034424
22640,0.3200005292892456
22641,0.40363603830337524
22653,0.6872510015964508
22660,0.2396458387374878
22672,0.5653881728649139
22674,0.27654993534088135
22689,0.4349862337112427
22698,0.26443344354629517
22705,0.5320719480514526
22709,0.7727717757225037
22711,0.2613047957420349
22714,0.7011300027370453
22715,0.285073459148407
22729,0.38640427589416504
22730,0.4105067253112793
22733,0.28287172317504883
22750,0.13290178775787354
22754,0.5426045358181
22756,0.4959423542022705
22758,0.5172789990901947
22767,0.7178364098072052
22768,0.3271690607070923
22769,0.5875405371189117
22776,0.14586365222930908
22778,0.22127050161361694
22780,0.7391846776008606
22789,0.5023642480373383
22797,0.4184860587120056
22799,0.6512353122234344
22814,0.18966197967529297
22818,0.3858441114425659
22821,0.3823060393333435
22823,0.3995746374130249
22841,0.1728162169456482
22847,0.5328986346721649
22848,0.39885538816452026
22862,0.2589137554168701
22875,0.9129422381520271
22877,0.7634935677051544
22887,0.2578197121620178
22892,0.16421163082122803
22899,0.7029048204421997
22901,0.6484947204589844
22907,0.5976380705833435
22909,0.37503910064697266
22926,0.449179470539093
22927,0.40440189838409424
22930,0.39062219858169556
22934,0.36932456493377686
22937,0.38917356729507446
22939,0.7242164015769958
22949,0.3458508849143982
22951,0.40192174911499023
22955,0.3024117946624756
22965,0.7742232233285904
22966,0.6614602208137512
22968,0.980244779959321
22972,0.38930606842041016
22975,0.36741381883621216
22981,0.3326202630996704
22988,0.36565494537353516
22994,0.38839882612228394
22996,0.7283070683479309
23011,0.6739110946655273
23028,0.43169838190078735
23031,0.3525116443634033
23035,0.27833473682403564
23038,0.45520955324172974
23042,0.321841835975647
23049,0.7354426383972168
23051,0.9841618947684765
23053,0.23975175619125366
23057,0.7508438229560852
23058,0.3949125409126282
23063,0.4052693247795105
23064,0.44453489780426025
23067,0.30825167894363403
23071,0.463512122631073
23075,0.2980654835700989
23077,0.757884681224823
23090,0.33628833293914795
23094,0.3949125409126282
23097,0.2599925994873047
23103,0.2855638265609741
23107,0.7081403136253357
23117,0.20651978254318237
23122,0.32832252979278564
23124,0.27261805534362793
23126,0.2829728126525879
23129,0.6866160035133362
23136,0.3728564381599426
23141,0.31223082542419434
23142,0.6008033752441406
23147,0.31514883041381836
23154,0.37735944986343384
23159,0.29493558406829834
23165,0.3654024600982666
23171,0.7174389362335205
23173,0.020961642265319824
23175,0.38421785831451416
23179,0.9193501994013786
23182,0.747588574886322
23185,0.36814069747924805
23188,0.36362797021865845
23189,0.39507025480270386
23209,0.25445711612701416
23214,0.2829728126525879
23215,0.36581772565841675
23233,0.41784101724624634
23241,0.3367987871170044
23252,0.36808615922927856
23255,0.3693593144416809
23263,0.2889057397842407
23281,0.3130147457122803
23282,0.21388232707977295
23289,0.2503892183303833
23292,0.21143388748168945
23296,0.3804395794868469
23297,0.31206727027893066
23301,0.2834954261779785
23302,0.28061217069625854
23304,0.2746616005897522
23309,0.36576390266418457
23312,0.360737144947052
23316,0.3664047122001648
23321,0.33663296699523926
23342,0.37490516901016235
23344,0.2627423405647278
23350,0.3043926954269409
23367,0.6753287613391876
23368,0.3139503002166748
23374,0.3154222369194031
23387,0.2775007486343384
23389,0.6285158097743988
23399,0.695140153169632
23403,0.8415653705596924
23406,0.9836366642266512
23414,0.3624590039253235
23415,0.19231480360031128
23419,0.6532000601291656
23436,0.34025394916534424
23439,0.7525634765625
23444,0.36189186573028564
23445,0.3595539331436157
23455,0.20162558555603027
23469,0.3606833815574646
23472,0.18810737133026123
23477,0.4011968970298767
23478,0.7137187123298645
23479,0.35189855098724365
23487,0.3343469500541687
23490,0.37759220600128174
23491,0.7283519506454468
23492,0.29095137119293213
23494,0.3107595443725586
23496,0.29931384325027466
23497,0.3074991703033447
23506,0.2157554030418396
23515,0.3836483955383301
23528,0.25533217191696167
23532,0.3105807304382324
23549,0.5185088515281677
23551,0.24884265661239624
23552,0.25853705406188965
23555,0.3499845266342163
23556,0.34760648012161255
23564,0.6786981225013733
23583,0.3911901116371155
23592,0.32701683044433594
23597,0.942255012691021
23601,0.2995041608810425
23605,0.6233013570308685
23615,0.3214760422706604
23619,0.41356325149536133
23621,0.9707599710673094
23626,0.6701793372631073
23635,0.4220501780509949
23637,0.3731658458709717
23640,0.3723931908607483
23646,0.2800898551940918
23655,0.3072097897529602
23672,0.7015315890312195
23673,0.3715705871582031
23682,0.2749115228652954
23683,0.3697577118873596
23699,0.3375505208969116
23704,0.8110837191343307
23707,0.9628925658762455
23713,0.3310575485229492
23714,0.2426169514656067
23716,0.3095889091491699
23718,0.8037336766719818
23721,0.15053653717041016
23735,0.330990731716156
23737,0.41280603408813477
23744,0.33542191982269287
23749,0.6701757609844208
23755,0.27540314197540283
23769,0.7013942897319794
23772,0.3534143567085266
23773,0.06736612319946289
23774,0.6662527620792389
23779,0.19496744871139526
23782,0.49321746826171875
23793,0.41713690757751465
23803,0.980673436075449
23828,0.6937190890312195
23833,0.6771977543830872
23834,0.6983275413513184
23844,0.39837682247161865
23845,0.6671572327613831
23852,0.7199845314025879
23855,0.6759524047374725
23867,0.26257628202438354
23872,0.70143723487854
23874,0.17348289489746094
23880,0.25218039751052856
23886,0.2671719193458557
23898,0.34598493576049805
23900,0.2798745632171631
23903,0.20478540658950806
23907,0.24216121435165405
23908,0.7682092636823654
23912,0.21286648511886597
23916,0.2556648254394531
23917,0.3343968391418457
23918,0.3251785635948181
23922,0.36943483352661133
23928,0.31105613708496094
23940,0.6119959950447083
23944,0.24888008832931519
23945,0.3242311477661133
23951,0.2596862316131592
23966,0.24544668197631836
23970,0.2581639885902405
23971,0.37921953201293945
23976,0.67361781001091
23980,0.3051307201385498
23987,0.98315698094666
23988,0.3098489046096802
23993,0.32260173559188843
23997,0.25601446628570557
23998,0.3029435873031616
23999,0.7461534142494202
24010,0.6480036079883575
24015,0.6831260323524475
24023,0.3614499568939209
24033,0.2869665026664734
24046,0.6627764105796814
24060,0.3918614983558655
24062,0.36336129903793335
24065,0.67361781001091
24070,0.33650922775268555
24071,0.22006762027740479
24073,0.2939719557762146
24079,0.3651966452598572
24082,0.9709495175629854
24084,0.38587844371795654
24089,0.39042145013809204
24094,0.37487179040908813
24100,0.38186973333358765
24105,0.3029637932777405
24106,0.12800651788711548
24108,0.6967974603176117
24111,0.9634810499846935
24120,0.37278085947036743
24125,0.7625268995761871
24134,0.5542135834693909
24140,0.3535849452018738
24151,0.37253671884536743
24153,0.2728404402732849
24154,0.3718988299369812
24161,0.39756500720977783
24166,0.3429095149040222
24170,0.5500391125679016
24176,0.2436559796333313
24182,0.6056908071041107
24188,0.35548895597457886
24190,0.3649347424507141
24201,0.9657291732728481
24211,0.8120398819446564
24215,0.683871328830719
24216,0.9683484435081482
24219,0.2903844714164734
24222,0.6232947409152985
24240,0.9847069205716252
24243,0.40209197998046875
24245,0.3741939663887024
24251,0.3153076171875
24256,0.9742705784738064
24258,0.27847540378570557
24261,0.4201447367668152
24263,0.36797523498535156
24264,0.3826639652252197
24266,0.3146384358406067
24273,0.37080222368240356
24278,0.3425331115722656
24289,0.9761407691985369
24292,0.34733253717422485
24293,0.42330658435821533
24298,0.9844209831207991
24299,0.40657591819763184
24303,0.6650147140026093
24304,0.40129172801971436
24305,0.3977469801902771
24329,0.342393159866333
24341,0.3434538245201111
24345,0.7568472623825073
24353,0.3532714247703552
24358,0.984350835904479
24364,0.7562408596277237
24367,0.4269973039627075
24370,0.7065223157405853
24377,0.38154643774032593
24380,0.3079211115837097
24381,0.31582045555114746
24387,0.4108111262321472
24391,0.33767884969711304
24409,0.9803606271743774
24413,0.3312683701515198
24416,0.2848626375198364
24427,0.468824565410614
24439,0.2558039426803589
24443,0.3961901068687439
24448,0.4255269765853882
24454,0.7392292022705078
24455,0.4303257465362549
24461,0.33578765392303467
24464,0.42322391271591187
24468,0.3148980140686035
24469,0.3004109859466553
24501,0.3217995762825012
24508,0.3522569537162781
24519,0.3672858476638794
24520,0.9718096815049648
24538,0.49387431144714355
24540,0.6997322738170624
24550,0.3086397647857666
24552,0.27702486515045166
24561,0.32118314504623413
24577,0.4981797933578491
24579,0.3551643490791321
24580,0.37639254331588745
24582,0.31357866525650024
24591,0.8448199182748795
24592,0.3828638792037964
24599,0.8372716009616852
24602,0.32877278327941895
24606,0.3261459469795227
24617,0.24986088275909424
24619,0.9246315211057663
24630,0.1850813627243042
24633,0.7877735644578934
24634,0.728810727596283
24638,0.33700281381607056
24641,0.39990782737731934
24644,0.3831099271774292
24645,0.7233808040618896
24656,0.32936036586761475
24661,0.3292273283004761
24663,0.7644618004560471
24667,0.39689141511917114
24669,0.7274832427501678
24682,0.40441852807998657
24698,0.2998507618904114
24699,0.75000762939453125
24702,0.3450167179107666
24703,0.44854241609573364
24717,0.39197731018066406
24724,0.9844471411779523
24731,0.3371692895889282
24737,0.2999100685119629
24740,0.4536951184272766
24743,0.3243711590766907
24744,0.9857798609882593
24755,0.45165199041366577
24757,0.3190949559211731
24765,0.4004356265068054
24766,0.2628946900367737
24776,0.7568472623825073
24787,0.973510405048728
24789,0.3680054545402527
24791,0.17142993211746216
24792,0.33313852548599243
24804,0.23222500085830688
24812,0.3785487413406372
24816,0.3748360872268677
24817,0.23974865674972534
24820,0.7201729118824005
24828,0.4234171509742737
24832,0.32969510555267334
24836,0.35282963514328003
24842,0.7584548443555832
24846,0.3573760986328125
24847,0.3097171187400818
24848,0.9823739659041166
24851,0.6997322738170624
24855,0.7590374499559402
24856,0.3819643259048462
24871,0.4553897976875305
24874,0.32863909006118774
24877,0.3323003649711609
24889,0.3672901391983032
24897,0.3820257782936096
24899,0.7348072826862335
24908,0.35164737701416016
24913,0.7690763026475906
24923,0.2906768321990967
24933,0.48902106285095215
24971,0.3014206886291504
24973,0.9837014973163605
24993,0.5136773884296417
24998,0.5855206251144409
25000,0.9711663965135813
25001,0.9722201433032751
25002,0.35732173919677734
25003,0.9845744911581278
25009,0.33708804845809937
25024,0.30075299739837646
25026,0.33202314376831055
25027,0.9695580191910267
25034,0.26269882917404175
25050,0.33429408073425293
25057,0.3547632694244385
25067,0.6902151703834534
25075,0.4563681483268738
25081,0.39740854501724243
25085,0.4137745499610901
25093,0.30771058797836304
25097,0.39275938272476196
25103,0.40713316202163696
25104,0.5633496046066284
25109,0.38668400049209595
25112,0.7499830722808838
25113,0.3965787887573242
25114,0.3672522306442261
25119,0.25306475162506104
25121,0.3374996781349182
25122,0.9445507936179638
25124,0.6815279126167297
25131,0.3343849182128906
25134,0.7373600006103516
25144,0.3487643599510193
25147,0.7113672494888306
25148,0.43942737579345703
25149,0.3813908100128174
25155,0.4538392424583435
25169,0.8562024235725403
25177,0.6953557133674622
25178,0.35261642932891846
25179,0.52457427978515625
25180,0.7054595649242401
25191,0.6337572932243347
25199,0.32422494888305664
25232,0.32532018423080444
25241,0.4042934775352478
25242,0.7571842521429062
25243,0.2720620036125183
25246,0.2678150534629822
25259,0.7326034009456635
25265,0.6994220018386841
25278,0.7642092704772949
25280,0.2638245224952698
25284,0.3617207407951355
25286,0.7201367616653442
25288,0.2881620526313782
25318,0.9796683453023434
25330,0.698772519826889
25333,0.4177747964859009
25339,0.3299776315689087
25340,0.7549029886722565
25346,0.38256561756134033
25349,0.8943455293774605
25351,0.4376554489135742
25361,0.7207255661487579
25366,0.35903656482696533
25368,0.9779688622802496
25369,0.3586806654930115
25370,0.48281461000442505
25375,0.06357681751251221
25376,0.7569913566112518
25377,0.41729795932769775
25379,0.3968806266784668
25382,0.6702280938625336
25386,0.6805843412876129
25389,0.6843485534191132
25399,0.40539664030075073
25400,0.9526182487607002
25401,0.712884932756424
25407,0.22009211778640747
25409,0.23125505447387695
25412,0.3717997670173645
25416,0.2627407908439636
25418,0.40987086296081543
25423,0.34401190280914307
25436,0.37432146072387695
25439,0.31034767627716064
25442,0.3860704302787781
25445,0.972203154116869
25446,0.3997807502746582
25453,0.3579481244087219
25456,0.46914631128311157
25458,0.41802555322647095
25460,0.3915122151374817
25461,0.316692054271698
25468,0.8322531133890152
25470,0.38595467805862427
25471,0.26755207777023315
25482,0.4105398654937744
25501,0.768148809671402
25504,0.6987349092960358
25515,0.31671142578125
25518,0.5379423201084137
25528,0.4256872534751892
25533,0.33958369493484497
25543,0.17130529880523682
25548,0.31263357400894165
25564,0.33011215925216675
25572,0.7131263911724091
25576,0.38038402795791626
25577,0.5586244165897369
25587,0.32111501693725586
25591,0.3364565372467041
25596,0.25527650117874146
25598,0.2894209623336792
25617,0.3644912838935852
25618,0.5999710857868195
25620,0.31066054105758667
25623,0.3910396099090576
25626,0.3315160870552063
25628,0.31832998991012573
25633,0.4628967046737671
25637,0.36336058378219604
25644,0.22305983304977417
25662,0.3119780421257019
25663,0.25679951906204224
25673,0.6862043738365173
25678,0.365398108959198
25685,0.3008940815925598
25691,0.32497912645339966
25706,0.3378533124923706
25707,0.3016606569290161
25723,0.4547192454338074
25725,0.42103832960128784
25735,0.6832697689533234
25740,0.290477454662323
25759,0.32846301794052124
25761,0.7206853032112122
25769,0.3137274384498596
25774,0.3294651508331299
25779,0.6735261380672455
25781,0.38131123781204224
25784,0.9711789339780807
25790,0.8266348540782928
25796,0.5304857790470123
25816,0.31817328929901123
25847,0.31520092487335205
25850,0.30562859773635864
25852,0.7428777813911438
25856,0.39057570695877075
25866,0.4006921648979187
25867,0.6605212986469269
25868,0.35657763481140137
25869,0.4454689025878906
25877,0.89407167583704
25878,0.30182766914367676
25890,0.5218683183193207
25898,0.7987031489610672
25899,0.29509061574935913
25906,0.9605947323143482
25907,0.7382548451423645
25915,0.9274734333157539
25932,0.7089065611362457
25939,0.4247799515724182
25946,0.70334592461586
25951,0.666559249162674
25959,0.4113166928291321
25961,0.37858307361602783
25964,0.2684013843536377
25969,0.3270221948623657
25980,0.3394225835800171
25986,0.3594582676887512
25992,0.21411681175231934
25998,0.28794991970062256
26000,0.432500422000885
26006,0.3244982957839966
26009,0.2593954801559448
26016,0.4454021453857422
26023,0.9667027965188026
26038,0.4843077063560486
26041,0.31107956171035767
26050,0.41345739364624023
26051,0.9876957423985004
26057,0.3468589186668396
26060,0.08428597450256348
26062,0.39601248502731323
26067,0.9878308493643999
26068,0.3554805517196655
26072,0.4193069338798523
26074,0.7027669548988342
26075,0.34807634353637695
26081,0.6892442405223846
26108,0.7113672494888306
26112,0.9848259873688221
26113,0.24228709936141968
26115,0.5295802354812622
26122,0.29929089546203613
26139,0.28409355878829956
26162,0.36591827869415283
26165,0.33681654930114746
26173,0.33043956756591797
26177,0.360254168510437
26179,0.4015897512435913
26184,0.11444604396820068
26190,0.3103024363517761
26204,0.41741669178009033
26205,0.020183920860290527
26212,0.6676693260669708
26215,0.3101157546043396
26227,0.8007298856973648
26232,0.7142188549041748
26237,0.3778298497200012
26246,0.596430242061615
26248,0.709825187921524
26249,0.4061428904533386
26260,0.39292246103286743
26263,0.31763190031051636
26267,0.9423631764948368
26269,0.40550923347473145
26271,0.7217197418212891
26273,0.6138212084770203
26286,0.34838223457336426
26297,0.3292958736419678
26309,0.45671480894088745
26313,0.3223079442977905
26319,0.42002975940704346
26329,0.35194969177246094
26330,0.7260647416114807
26333,0.38559478521347046
26361,0.7944829165935516
26366,0.5405726432800293
26376,0.9792348630726337
26378,0.6185254454612732
26382,0.3539191484451294
26389,0.3815193772315979
26391,0.29432207345962524
26401,0.6740503907203674
26415,0.31246185302734375
26419,0.6287192106246948
26421,0.9842938743531704
26422,0.43722379207611084
26423,0.7144478559494019
26424,0.6180741190910339
26441,0.69288370013237
26442,0.4092066287994385
26446,0.7130365371704102
26447,0.35677897930145264
26448,0.3409244418144226
26451,0.4394635558128357
26459,0.379242479801178
26465,0.23346740007400513
26476,0.37002646923065186
26481,0.3581863045692444
26487,0.9765275456011295
26501,0.23567718267440796
26513,0.8452011346817017
26517,0.24052852392196655
26527,0.8660060167312622
26534,0.8455008268356323
26535,0.984066229313612
26545,0.3657049536705017
26550,0.20110011100769043
26558,0.46614688634872437
26571,0.7391479313373566
26573,0.3907775282859802
26575,0.38436514139175415
26578,0.3250126838684082
26583,0.795051097869873
26590,0.40279245376586914
26593,0.7326817810535431
26602,0.21821993589401245
26606,0.8034525960683823
26613,0.6902990937232971
26615,0.2205439805984497
26618,0.36987030506134033
26628,0.966866709291935
26630,0.7355581820011139
26635,0.3819177746772766
26645,0.3951341509819031
26648,0.2305983304977417
26651,0.4295670986175537
26660,0.27300184965133667
26663,0.6062880456447601
26664,0.673213928937912
26665,0.7202934622764587
26673,0.7336930632591248
26675,0.35592520236968994
26676,0.3897944688796997
26677,0.3639657497406006
26679,0.3762122392654419
26687,0.45281118154525757
26689,0.6458779871463776
26697,0.45465272665023804
26737,0.7562744915485382
26747,0.9830580111593008
26748,0.4343176484107971
26749,0.37720781564712524
26754,0.9427538067102432
26759,0.35431426763534546
26760,0.7410757839679718
26765,0.3279629945755005
26769,0.2933729887008667
26771,0.330946147441864
26776,0.4390665292739868
26778,0.2916001081466675
26780,0.44962078332901
26783,0.16284340620040894
26785,0.3278844952583313
26800,0.3200458884239197
26804,0.23940414190292358
26812,0.3651358485221863
26816,0.3002423048019409
26823,0.7553370743989944
26834,0.3719509243965149
26836,0.7026373744010925
26841,0.6173162758350372
26845,0.3420616388320923
26849,0.39707374572753906
26854,0.7573373168706894
26858,0.2562657594680786
26860,0.21427184343338013
26866,0.37598079442977905
26871,0.13888221979141235
26873,0.37874525785446167
26905,0.3109724521636963
26907,0.32519298791885376
26920,0.6205821633338928
26924,0.2325049638748169
26930,0.18016380071640015
26942,0.6177763342857361
26944,0.3939884305000305
26949,0.7628116011619568
26952,0.953759428113699
26956,0.37563979625701904
26973,0.218919038772583
26977,0.3421146273612976
26993,0.6862098276615143
26997,0.29411864280700684
26999,0.6457328498363495
27021,0.3536989092826843
27023,0.3841351270675659
27025,0.024562418460845947
27027,0.4186730980873108
27032,0.6655260920524597
27034,0.2296620011329651
27036,0.6027449369430542
27045,0.3204203248023987
27050,0.26904958486557007
27051,0.830170065164566
27055,0.372248113155365
27056,0.41250962018966675
27060,0.3649361729621887
27061,0.7508438229560852
27066,0.7210220992565155
27070,0.30409735441207886
27073,0.22615760564804077
27077,0.8285011351108551
27085,0.41235828399658203
27086,0.3963462710380554
27099,0.3280375599861145
27105,0.32093268632888794
27109,0.3512957692146301
27125,0.3046509027481079
27135,0.42548930644989014
27139,0.5990512073040009
27140,0.9500891380012035
27141,0.3649095892906189
27142,0.34423118829727173
27144,0.28011924028396606
27148,0.3928046226501465
27154,0.40582287311553955
27162,0.8284818083047867
27175,0.6044812500476837
27176,0.3742613196372986
27178,0.7266682982444763
27197,0.3425987958908081
27204,0.34511154890060425
27205,0.39061373472213745
27206,0.11684191226959229
27207,0.3574979901313782
27216,0.39056628942489624
27230,0.3182718753814697
27234,0.23757821321487427
27241,0.4208117723464966
27249,0.9840321894735098
27251,0.2565140724182129
27252,0.7088438272476196
27256,0.7347704470157623
27257,0.6126022040843964
27263,0.23746705055236816
27268,0.38931530714035034
27269,0.35198473930358887
27276,0.3517153859138489
27279,0.7100378274917603
27288,0.7367443144321442
27295,0.2736097574234009
27299,0.24022352695465088
27302,0.36180347204208374
27304,0.3420800566673279
27316,0.6562229096889496
27318,0.2674403190612793
27330,0.3834471106529236
27333,0.6083602011203766
27335,0.44532960653305054
27339,0.3091655373573303
27341,0.6003842353820801
27342,0.37096089124679565
27345,0.4311996102333069
27347,0.48324263095855713
27354,0.5240953862667084
27361,0.27025896310806274
27375,0.6581107079982758
27387,0.66852569580078125
27390,0.6739935874938965
27392,0.9305156692862511
27399,0.24827754497528076
27403,0.3207629323005676
27410,0.4839199185371399
27423,0.30630534887313843
27429,0.2662615180015564
27432,0.39128929376602173
27436,0.36159491539001465
27437,0.7205825448036194
27441,0.719796359539032
27444,0.6717339158058167
27445,0.2714291214942932
27448,0.660205215215683
27454,0.40517550706863403
27459,0.302901029586792
27465,0.3649579882621765
27478,0.9733272362500429
27479,0.3867706060409546
27481,0.6688414514064789
27483,0.5588625371456146
27486,0.2953413128852844
27498,0.3930445909500122
27505,0.41084545850753784
27507,0.32381290197372437
27509,0.27787119150161743
27514,0.33761805295944214
27527,0.754072979092598
27535,0.2650877833366394
27544,0.261471152305603
27545,0.3681369423866272
27556,0.24201172590255737
27563,0.3669450879096985
27569,0.3802691698074341
27585,0.5937687158584595
27589,0.32073312997817993
27605,0.4031226634979248
27608,0.7269538342952728
27609,0.3334195613861084
27611,0.25334757566452026
27621,0.5629768967628479
27626,0.7327199876308441
27629,0.3480982184410095
27645,0.7594558149576187
27651,0.31614863872528076
27654,0.3948540687561035
27656,0.7401197552680969
27663,0.7178452014923096
27673,0.2993379831314087
27677,0.30891603231430054
27678,0.29338741302490234
27680,0.36234766244888306
27681,0.3907775282859802
27684,0.3225690722465515
27688,0.3219482898712158
27706,0.39070165157318115
27709,0.3439555764198303
27720,0.2767753601074219
27722,0.4125816226005554
27733,0.8278514891862869
27734,0.806497111916542
27739,0.623323380947113
27746,0.34962207078933716
27751,0.8036007285118103
27755,0.37940406799316406
27777,0.5923959016799927
27783,0.3104434013366699
27795,0.3736370801925659
27805,0.40910619497299194
27811,0.26922792196273804
27815,0.297748863697052
27823,0.39082658290863037
27856,0.37511855363845825
27873,0.4209038019180298
27883,0.33806169033050537
27885,0.7201279997825623
27887,0.7928571254014969
27899,0.4483991861343384
27921,0.40153825283050537
27924,0.4106646180152893
27927,0.43021470308303833
27929,0.3553914427757263
27932,0.4299004077911377
27943,0.6259488761425018
27945,0.4652678966522217
27952,0.3775256276130676
27957,0.7494513690471649
27960,0.4129762649536133
27966,0.39133620262145996
27968,0.7794088572263718
27980,0.7404458820819855
27984,0.32925164699554443
27994,0.36010700464248657
27995,0.38980746269226074
28002,0.7786991894245148
28004,0.6739493310451508
28006,0.2555350065231323
28028,0.708191990852356
28042,0.712230384349823
28043,0.3800089359283447
28055,0.5918911993503571
28061,0.3618427515029907
28063,0.5791021883487701
28077,0.5228215754032135
28090,0.6733804047107697
28093,0.4083883762359619
28095,0.4041999578475952
28096,0.6394717693328857
28098,0.7854044735431671
28099,0.3293595314025879
28111,0.3289880156517029
28115,0.4106264114379883
28123,0.32977139949798584
28125,0.4167974591255188
28126,0.708364337682724
28129,0.7056793868541718
28131,0.4876735806465149
28139,0.3805016279220581
28146,0.33737844228744507
28153,0.8323133885860443
28155,0.39812642335891724
28160,0.7215178608894348
28166,0.33764076232910156
28167,0.7160159051418304
28176,0.8113378435373306
28185,0.3219401240348816
28187,0.7216355502605438
28195,0.7556930333375931
28203,0.20402956008911133
28206,0.4239552617073059
28209,0.27990156412124634
28210,0.34315764904022217
28211,0.3409798741340637
28216,0.3252207040786743
28234,0.3920251131057739
28235,0.7625572085380554
28248,0.35589921474456787
28255,0.3672378659248352
28266,0.3491600751876831
28277,0.3346083164215088
28286,0.36808711290359497
28288,0.3283238410949707
28289,0.5767998695373535
28290,0.3223937749862671
28296,0.38165807723999023
28300,0.8751065731048584
28306,0.21541959047317505
28307,0.35266536474227905
28309,0.27152591943740845
28327,0.3881238102912903
28336,0.3389633297920227
28345,0.3822910189628601
28355,0.35317617654800415
28361,0.22585242986679077
28362,0.3400558829307556
28374,0.3130452036857605
28380,0.8316716104745865
28381,0.5550374388694763
28393,0.3013758659362793
28394,0.33652186393737793
28405,0.4098713994026184
28413,0.3293781280517578
28426,0.7236959040164948
28428,0.8189157247543335
28429,0.7484272420406342
28442,0.388020396232605
28445,0.282720148563385
28457,0.9835052266716957
28459,0.8900313526391983
28462,0.4046297073364258
28478,0.2666308283805847
28490,0.3845464587211609
28492,0.34399867057800293
28499,0.11878669261932373
28500,0.4403015375137329
28506,0.7007003128528595
28509,0.3401520252227783
28513,0.3365088105201721
28516,0.37563633918762207
28519,0.9778929427266121
28526,0.28123730421066284
28527,0.2670993208885193
28528,0.7990453392267227
28533,0.3699020743370056
28547,0.3213047981262207
28551,0.3979792594909668
28563,0.4240783452987671
28566,0.4811778664588928
28568,0.37127524614334106
28580,0.3636903166770935
28589,0.35957860946655273
28590,0.7576948553323746
28606,0.3779428005218506
28613,0.34198200702667236
28615,0.2621449828147888
28619,0.3830532431602478
28629,0.5738159418106079
28633,0.3425790071487427
28635,0.7067558169364929
28646,0.2984578013420105
28648,0.6378813683986664
28651,0.3019576668739319
28660,0.7098897397518158
28681,0.3350886106491089
28693,0.5705504417419434
28696,0.3323221206665039
28703,0.33865952491760254
28709,0.36985886096954346
28712,0.6943501532077789
28718,0.28838276863098145
28719,0.5881263017654419
28727,0.23977786302566528
28730,0.8059159219264984
28732,0.6851327419281006
28740,0.4023866653442383
28747,0.3355410695075989
28752,0.638275533914566
28757,0.4310305714607239
28764,0.4110296368598938
28765,0.7536512017250061
28770,0.6905336976051331
28772,0.7345425188541412
28783,0.372322142124176
28786,0.3080636262893677
28796,0.3313601016998291
28799,0.8396929651498795
28806,0.670380711555481
28807,0.33863365650177
28815,0.4156474471092224
28818,0.28148096799850464
28823,0.37938064336776733
28824,0.48177075386047363
28831,0.945289634168148
28834,0.5363282561302185
28841,0.2691277861595154
28848,0.6874999105930328
28882,0.5547891855239868
28884,0.34379875659942627
28904,0.37686288356781006
28907,0.2859600782394409
28919,0.30476802587509155
28920,0.6149481534957886
28928,0.2610287666320801
28935,0.029071927070617676
28936,0.30716264247894287
28945,0.3822627067565918
28950,0.8477861434221268
28957,0.6588136255741119
28963,0.18397200107574463
28974,0.37012457847595215
28980,0.40302711725234985
28988,0.6320253014564514
28999,0.34468770027160645
29001,0.6747526526451111
29004,0.20255392789840698
29006,0.36546969413757324
29012,0.4007744789123535
29018,0.4037790894508362
29027,0.3598376512527466
29030,0.2605602741241455
29032,0.22105735540390015
29039,0.3639482259750366
29043,0.3913230299949646
29056,0.6256822347640991
29064,0.7511292099952698
29068,0.29359763860702515
29069,0.2329668402671814
29074,0.2512989640235901
29076,0.3593207001686096
29085,0.3414544463157654
29088,0.6715346872806549
29091,0.3051026463508606
29092,0.6067795157432556
29093,0.3122009038925171
29094,0.538364589214325
29108,0.6891812384128571
29114,0.28775709867477417
29115,0.27975940704345703
29118,0.23563402891159058
29125,0.34520500898361206
29127,0.7895914614200592
29150,0.17069333791732788
29152,0.101276695728302
29155,0.684780091047287
29165,0.28531575202941895
29167,0.5595050752162933
29174,0.4036749005317688
29180,0.42406296730041504
29185,0.40819329023361206
29190,0.3613904118537903
29192,0.9833782650530338
29194,0.3888440728187561
29220,0.4192492365837097
29231,0.6071639657020569
29237,0.6859819293022156
29240,0.5732326209545135
29247,0.38040369749069214
29256,0.3520183563232422
29275,0.3710300326347351
29278,0.37046295404434204
29280,0.7550096958875656
29286,0.46757644414901733
29288,0.6007997393608093
29305,0.7511830627918243
29327,0.3376471996307373
29329,0.7611447423696518
29333,0.40546417236328125
29335,0.40646010637283325
29342,0.9842700753360987
29344,0.37121349573135376
29353,0.36177515983581543
29358,0.421963632106781
29373,0.1595117449760437
29392,0.3907775282859802
29393,0.5403837561607361
29395,0.9737219829112291
29403,0.686087429523468
29405,0.6242028772830963
29410,0.38181382417678833
29423,0.36860454082489014
29427,0.7556107342243195
29429,0.36848407983779907
29432,0.3515305519104004
29440,0.7166394293308258
29447,0.3489820957183838
29448,0.30535709857940674
29452,0.6397233009338379
29455,0.39020609855651855
29461,0.270724892616272
29466,0.26030492782592773
29474,0.28559261560440063
29476,0.33679622411727905
29486,0.6215980648994446
29494,0.3738263249397278
29497,0.6279571354389191
29505,0.39087432622909546
29511,0.7352565228939056
29516,0.6808762848377228
29522,0.41758036613464355
29523,0.264809787273407
29524,0.3531031608581543
29529,0.2789006233215332
29533,0.3214043974876404
29535,0.379231333732605
29548,0.2840456962585449
29551,0.3920694589614868
29563,0.29700613021850586
29574,0.3082975745201111
29575,0.33895832300186157
29592,0.36605948209762573
29599,0.6148826479911804
29608,0.2938610911369324
29613,0.4083244204521179
29620,0.4391658902168274
29630,0.7550678104162216
29637,0.3320108652114868
29638,0.3875865340232849
29643,0.40093594789505005
29648,0.38969939947128296
29657,0.33615052700042725
29659,0.35526907444000244
29662,0.37553489208221436
29665,0.3325440287590027
29699,0.9077344760298729
29706,0.6451861560344696
29715,0.6421235501766205
29716,0.3759497404098511
29717,0.27838051319122314
29721,0.6201794147491455
29731,0.4343271851539612
29735,0.27769744396209717
29739,0.5318918824195862
29742,0.5908589959144592
29747,0.9396716542541981
29749,0.6294719278812408
29754,0.9660926684737206
29773,0.3243529200553894
29777,0.3498347997665405
29779,0.32153379917144775
29783,0.26580172777175903
29786,0.3150305151939392
29805,0.7495647370815277
29811,0.4558570981025696
29812,0.5132387280464172
29815,0.5354620814323425
29819,0.3507400155067444
29833,0.26561737060546875
29847,0.3927927613258362
29854,0.6789901256561279
29856,0.3665596842765808
29859,0.3268600106239319
29864,0.4125974178314209
29865,0.3992042541503906
29867,0.3391578197479248
29885,0.48141735792160034
29894,0.40399467945098877
29900,0.33288371562957764
29910,0.6727971434593201
29928,0.38205718994140625
29942,0.2866131663322449
29951,0.3533126711845398
29953,0.3593955636024475
29962,0.3097633123397827
29968,0.30890578031539917
29974,0.8047110736370087
29980,0.6109932661056519
29987,0.15858995914459229
29993,0.5110906958580017
30001,0.8254278302192688
30005,0.5388697683811188
30015,0.3720279335975647
30034,0.20068413019180298
30041,0.37310028076171875
30044,0.34354478120803833
30058,0.1522914171218872
30061,0.3486820459365845
30064,0.3949125409126282
30065,0.40688830614089966
30069,0.34358495473861694
30074,0.3536367416381836
30076,0.2367873191833496
30080,0.26428288221359253
30086,0.8012608587741852
30087,0.29099076986312866
30092,0.3274703025817871
30093,0.695220410823822
30096,0.35975807905197144
30097,0.6671572327613831
30098,0.30788999795913696
30102,0.6198998689651489
30106,0.31004565954208374
30110,0.6881838738918304
30111,0.9617090485990047
30122,0.44065648317337036
30128,0.3365408778190613
30130,0.685931533575058
30131,0.3248409628868103
30132,0.34625333547592163
30135,0.3875877857208252
30137,0.7687435895204544
30157,0.7252094149589539
30158,0.7502782195806503
30162,0.35056960582733154
30170,0.7489449679851532
30174,0.39301902055740356
30195,0.6508695185184479
30196,0.39140039682388306
30204,0.3855559229850769
30207,0.8299793601036072
30209,0.6594822108745575
30212,0.4038633704185486
30221,0.3327817916870117
30225,0.668213427066803
30229,0.3951101303100586
30231,0.34512829780578613
30233,0.3611515164375305
30237,0.4631497263908386
30239,0.344926655292511
30242,0.4058501720428467
30244,0.3017999529838562
30249,0.36862945556640625
30262,0.459162175655365
30286,0.36905384063720703
30292,0.3941448926925659
30303,0.3177560567855835
30320,0.2285391092300415
30322,0.3522073030471802
30355,0.43881648778915405
30356,0.22396939992904663
30372,0.4579090476036072
30375,0.3196682929992676
30379,0.46481066942214966
30384,0.34907084703445435
30386,0.40176552534103394
30394,0.4096047282218933
30395,0.32475316524505615
30396,0.3447684645652771
30397,0.32138699293136597
30402,0.45669716596603394
30413,0.3169384002685547
30416,0.4104729890823364
30420,0.295859694480896
30422,0.7287575304508209
30432,0.37629544734954834
30434,0.4062744975090027
30438,0.378656268119812
30444,0.19016790390014648
30446,0.5154061615467072
30455,0.3251057267189026
30457,0.4135666489601135
30459,0.39408624172210693
30463,0.42882609367370605
30468,0.44246482849121094
30477,0.36079472303390503
30478,0.33858680725097656
30481,0.3805198073387146
30482,0.2474275827407837
30487,0.4164637327194214
30491,0.41851484775543213
30496,0.7179842293262482
30501,0.3284849524497986
30506,0.294910728931427
30511,0.3718354105949402
30513,0.39159905910491943
30516,0.3166133165359497
30520,0.3154941201210022
30531,0.37620168924331665
30542,0.774513453245163
30555,0.3229207992553711
30557,0.3918917179107666
30568,0.4154580235481262
30570,0.9780850950628519
30584,0.3393777012825012
30594,0.6987107396125793
30614,0.3483104109764099
30617,0.34418708086013794
30618,0.7364677786827087
30631,0.3945045471191406
30632,0.2870129942893982
30634,0.7368324995040894
30636,0.23084986209869385
30637,0.23609036207199097
30639,0.3121596574783325
30647,0.34254658222198486
30649,0.2582980990409851
30656,0.28051185607910156
30660,0.30342423915863037
30665,0.34382450580596924
30669,0.3632969856262207
30681,0.2959631681442261
30683,0.6659028232097626
30687,0.7434938251972198
30694,0.5382877886295319
